2, 19, 0, 0, 186, 347, 0.999413, -0.0303682, 0.0158351, -0.0512099, 0.0304254, 0.999531, -0.00338512, 0.00298121, -0.0157249, 0.00386492, 0.999869, 0.00171169, 1372.03, 1244.38, 774.488, 376.51
4, 31, 0, 0, 173, 531, 0.999982, -0.0038302, -0.00464791, -0.0903799, 0.00378161, 0.999939, -0.0104201, 0.00824095, 0.00468753, 0.0104023, 0.999935, -0.0136048, 1372.03, 1244.38, 774.488, 376.51
1, 13, 0, 0, 398, 164, 0.999714, -0.0214537, 0.0105253, -0.0296942, 0.0214913, 0.999763, -0.00347322, 0.00153469, -0.0104483, 0.00369843, 0.999939, 0.00555613, 1372.03, 1244.38, 774.488, 376.509
6, 47, 0, 0, 80, 508, 0.999847, -0.014964, -0.00904663, -0.12591, 0.0151724, 0.999611, 0.0234204, 0.0124032, 0.00869265, -0.0235541, 0.999685, -0.0376844, 1372.03, 1244.38, 774.488, 376.509
7, 57, 0, 0, 188, 514, 0.999955, 0.00353876, -0.00879243, -0.151305, -0.0034843, 0.999975, 0.00620219, 0.010299, 0.00881415, -0.00617128, 0.999942, -0.0423564, 1372.03, 1244.38, 774.488, 376.509
8, 62, 0, 0, 197, 499, 0.999863, 0.00455088, 0.0159158, -0.174377, -0.00457739, 0.999988, 0.00162958, 0.0103626, -0.0159082, -0.00170221, 0.999872, -0.0397608, 1372.03, 1244.38, 774.488, 376.509
3, 23, 0, 0, 290, 325, 0.999433, -0.0315205, 0.0118029, -0.0690591, 0.0315397, 0.999501, -0.00144776, 0.00307605, -0.0117514, 0.0018192, 0.999929, -0.00105008, 1372.03, 1244.38, 774.488, 376.509
10, 71, 0, 0, 201, 515, 0.998852, -0.00265443, 0.0478375, -0.222155, 0.00212575, 0.999936, 0.0110989, 0.0108276, -0.0478639, -0.0109845, 0.998793, -0.0324464, 1372.03, 1244.38, 774.488, 376.509
11, 76, 0, 0, 218, 504, 0.998393, -0.0162361, 0.0542988, -0.246058, 0.0157336, 0.999829, 0.00966958, 0.00974882, -0.0544465, -0.00879973, 0.998478, -0.0320985, 1372.03, 1244.38, 774.488, 376.509
12, 81, 0, 0, 192, 438, 0.997409, -0.022352, 0.0683718, -0.269143, 0.0215626, 0.999692, 0.0122625, 0.0086826, -0.0686249, -0.0107565, 0.997585, -0.032212, 1372.03, 1244.38, 774.488, 376.509
14, 94, 0, 0, 157, 476, 0.997234, -0.014644, 0.0728672, -0.313696, 0.014475, 0.999891, 0.0028469, 0.0119769, -0.072901, -0.00178427, 0.997338, -0.0547845, 1372.03, 1244.38, 774.488, 376.509
15, 100, 0, 0, 209, 519, 0.998161, -0.0137322, 0.0590372, -0.339705, 0.0130673, 0.999847, 0.0116334, 0.0106631, -0.0591879, -0.0108405, 0.998188, -0.066108, 1372.03, 1244.38, 774.488, 376.509
5, 39, 0, 0, 343, 248, 0.999924, -0.00749397, 0.00978515, -0.111508, 0.00741488, 0.99994, 0.00809403, 0.00611176, -0.00984522, -0.00802086, 0.999919, -0.0217465, 1372.03, 1244.38, 774.488, 376.51
17, 110, 0, 0, 215, 511, 0.998737, -0.00388551, 0.0500878, -0.379155, 0.00325021, 0.999913, 0.012759, 0.00833629, -0.050133, -0.0125801, 0.998663, -0.0695056, 1372.03, 1244.38, 774.488, 376.51
18, 115, 0, 0, 223, 528, 0.998357, -0.0153404, 0.0552014, -0.400332, 0.014577, 0.999793, 0.0142052, 0.00565376, -0.0554078, -0.0133772, 0.998374, -0.0650302, 1372.03, 1244.38, 774.488, 376.51
19, 124, 0, 0, 177, 506, 0.998565, -0.00530608, 0.0532893, -0.422542, 0.00457978, 0.999895, 0.0137422, 0.0033882, -0.0533566, -0.0134784, 0.998485, -0.0622433, 1372.03, 1244.38, 774.488, 376.51
13, 87, 0, 0, 323, 280, 0.996357, -0.0180025, 0.0833625, -0.288611, 0.017034, 0.999779, 0.0123153, 0.0104268, -0.0835658, -0.0108504, 0.996443, -0.0421002, 1372.03, 1244.38, 774.488, 376.51
21, 134, 0, 0, 260, 538, 0.998608, -0.00879061, 0.0519992, -0.463218, 0.00759932, 0.999705, 0.0230633, 0.00154753, -0.0521866, -0.022636, 0.998381, -0.0661392, 1372.03, 1244.38, 774.488, 376.51
22, 139, 0, 0, 214, 452, 0.998212, -0.00326504, 0.0596904, -0.483112, 0.00202436, 0.999781, 0.020834, 0.00282507, -0.0597453, -0.0206759, 0.998, -0.0698139, 1372.03, 1244.38, 774.488, 376.509
23, 153, 0, 0, 298, 543, 0.999724, 0.0159832, 0.0171898, -0.486929, -0.0165318, 0.999343, 0.0322577, 0.00490294, -0.0166629, -0.0325329, 0.999332, -0.0628218, 1372.03, 1244.38, 774.488, 376.51
24, 156, 0, 0, 257, 457, 0.999848, 0.0105661, 0.0138777, -0.510596, -0.0110068, 0.999425, 0.0320749, 0.00267299, -0.0135308, -0.0322228, 0.999389, -0.05524, 1372.03, 1244.38, 774.488, 376.51
25, 160, 0, 0, 261, 532, 0.999867, 0.0033973, 0.0159346, -0.537087, -0.00393954, 0.99941, 0.0341219, 0.000231911, -0.0158093, -0.0341801, 0.999291, -0.0505812, 1372.03, 1244.38, 774.488, 376.51
26, 164, 0, 0, 407, 517, 0.999769, -0.00299184, 0.0213023, -0.559458, 0.00227755, 0.999437, 0.0334769, 0.000458522, -0.0213905, -0.0334206, 0.999212, -0.0502037, 1372.03, 1244.38, 774.488, 376.51
27, 168, 0, 0, 308, 451, 0.99967, -0.00814627, 0.0243527, -0.580056, 0.00737477, 0.999473, 0.031604, 0.0024167, -0.0245973, -0.031414, 0.999204, -0.0507012, 1372.03, 1244.38, 774.488, 376.51
28, 184, 0, 0, 380, 482, 0.999841, 0.0177414, -0.00181807, -0.597642, -0.0176661, 0.999219, 0.0353488, 0.00233588, 0.00244379, -0.035311, 0.999373, -0.0564095, 1372.03, 1244.38, 774.488, 376.51
16, 105, 0, 0, 360, 145, 0.998808, 0.00133467, 0.0487916, -0.359501, -0.0023371, 0.999787, 0.0204939, 0.00826667, -0.0487538, -0.0205835, 0.998599, -0.0744742, 1372.03, 1244.38, 774.488, 376.51
30, 194, 0, 0, 380, 173, 0.999734, 0.0199083, 0.0116135, -0.638152, -0.020512, 0.998308, 0.0544101, 0.00770316, -0.0105107, -0.0546339, 0.998451, -0.0600316, 1372.03, 1244.38, 774.488, 376.51
31, 205, 0, 0, 300, 36, 0.999826, 0.00705536, 0.0172673, -0.643038, -0.00867642, 0.995374, 0.0956827, 0.0131607, -0.0165124, -0.0958158, 0.995262, -0.0682839, 1372.03, 1244.38, 774.488, 376.51
0, 0, 0, 0, 1558, 0, 1, 0.000122119, 3.7791e-05, 8.68877e-05, -0.00012211, 1, -0.000225693, 0.000143241, -3.78185e-05, 0.000225689, 1, -0.000104132, 1372.03, 1244.38, 774.487, 376.51
9, 66, 0, 0, 495, 0, 0.999359, 0.0037193, 0.0356057, -0.196952, -0.0038893, 0.999981, 0.00470647, 0.00956939, -0.0355875, -0.00484193, 0.999355, -0.0361497, 1372.03, 1244.38, 774.487, 376.51
20, 129, 0, 0, 365, 0, 0.998668, -0.00453287, 0.0513893, -0.44159, 0.00365858, 0.999847, 0.0170944, 0.00462438, -0.0514589, -0.0168836, 0.998532, -0.0607367, 1372.03, 1244.38, 774.487, 376.51
33, 232, 0, 0, 242, 0, 0.999974, -0.00633105, 0.00342897, -0.643725, 0.0054778, 0.978043, 0.208333, 0.0224879, -0.00467265, -0.208309, 0.978052, -0.0713866, 1372.03, 1244.38, 774.487, 376.509
34, 247, 0, 0, 414, 0, 0.999844, -0.0123904, 0.0126091, -0.642468, 0.00859114, 0.96394, 0.265981, 0.0239866, -0.01545, -0.265831, 0.963896, -0.071116, 1372.03, 1244.38, 774.488, 376.509
35, 258, 0, 0, 589, 0, 0.99822, -0.0091517, 0.0589288, -0.641097, -0.00959064, 0.950656, 0.310098, 0.0244427, -0.058859, -0.310111, 0.948877, -0.0667794, 1372.03, 1244.38, 774.488, 376.51
36, 273, 0, 0, 394, 0, 0.997516, -0.0283007, 0.0645099, -0.641744, 0.00183602, 0.925886, 0.377798, 0.0310977, -0.0704208, -0.376741, 0.923638, -0.0563545, 1372.03, 1244.38, 774.488, 376.51
32, 219, 0, 0, 354, 0, 0.999983, 0.000137478, 0.00589408, -0.644362, -0.00105198, 0.987845, 0.155437, 0.0129116, -0.00580107, -0.15544, 0.987828, -0.0723183, 1372.03, 1244.38, 774.488, 376.51
39, 332, 0, 0, 472, 10, 0.999833, -0.0117572, 0.0140172, -0.636367, 0.00618834, 0.938344, 0.345648, 0.140118, -0.0172168, -0.345504, 0.938259, -0.0545908, 1372.03, 1244.38, 774.488, 376.51
41, 355, 0, 0, 278, 32, 0.998516, -0.0473452, 0.0269147, -0.588559, 0.0337194, 0.925542, 0.37714, 0.133433, -0.0427665, -0.375673, 0.925765, -0.0435807, 1372.03, 1244.38, 774.488, 376.51
37, 292, 0, 0, 676, 0, 0.99862, -0.0358676, 0.038352, -0.643318, 0.0205365, 0.938963, 0.343404, 0.0494867, -0.0483282, -0.342143, 0.938404, -0.068359, 1372.03, 1244.38, 774.488, 376.51
42, 362, 0, 0, 366, 34, 0.998769, -0.0404126, 0.0287653, -0.562726, 0.0263723, 0.923745, 0.382099, 0.136953, -0.0420134, -0.38087, 0.923674, -0.0408563, 1372.03, 1244.38, 774.488, 376.51
43, 367, 0, 0, 408, 45, 0.998931, -0.04414, 0.0137317, -0.538406, 0.0355108, 0.922909, 0.383376, 0.13639, -0.0295953, -0.382478, 0.92349, -0.0409007, 1372.03, 1244.38, 774.488, 376.51
45, 375, 0, 0, 542, 49, 0.999366, -0.0347877, 0.00761396, -0.490633, 0.0290219, 0.919519, 0.391974, 0.135915, -0.0206371, -0.391504, 0.919945, -0.0413996, 1372.03, 1244.38, 774.488, 376.51
44, 371, 0, 0, 425, 17, 0.999213, -0.0389499, 0.0075331, -0.515245, 0.0330448, 0.92223, 0.385227, 0.13611, -0.0219518, -0.384675, 0.922791, -0.0423803, 1372.03, 1244.38, 774.488, 376.509
47, 385, 0, 0, 535, 44, 0.995722, -0.0767136, 0.0515002, -0.475705, 0.0483517, 0.907586, 0.417072, 0.146466, -0.078736, -0.412798, 0.907413, 0.0225383, 1372.03, 1244.38, 774.487, 376.51
29, 187, 0, 0, 407, 0, 0.999852, 0.0167569, 0.0039718, -0.617352, -0.0169138, 0.998911, 0.0434793, 0.00327848, -0.0032389, -0.04354, 0.999046, -0.0546149, 1372.03, 1244.38, 774.487, 376.51
49, 401, 0, 0, 581, 67, 0.997549, -0.0355672, 0.0602602, -0.47573, 0.00426669, 0.890498, 0.454966, 0.168434, -0.0698435, -0.453594, 0.888467, 0.094246, 1372.03, 1244.38, 774.487, 376.51
40, 341, 0, 0, 511, 1, 0.999755, -0.0148346, 0.0164218, -0.605701, 0.0082131, 0.93778, 0.347132, 0.145973, -0.0205496, -0.346912, 0.937673, -0.0589714, 1372.03, 1244.38, 774.487, 376.51
50, 407, 0, 0, 573, 32, 0.997874, -0.0311602, 0.0572339, -0.458993, 0.00066393, 0.883087, 0.469209, 0.166167, -0.0651631, -0.468174, 0.88123, 0.11257, 1372.03, 1244.38, 774.487, 376.51
52, 421, 0, 0, 447, 96, 0.998315, -0.0312217, 0.048922, -0.429753, 0.00263174, 0.866449, 0.499259, 0.163204, -0.0579761, -0.498289, 0.865071, 0.151258, 1372.03, 1244.38, 774.487, 376.509
53, 426, 0, 0, 467, 84, 0.997624, -0.0460752, 0.051213, -0.412387, 0.013504, 0.859786, 0.510475, 0.165362, -0.0675525, -0.508571, 0.858366, 0.163769, 1372.03, 1244.38, 774.487, 376.509
54, 430, 0, 0, 468, 78, 0.997155, -0.0486693, 0.0575565, -0.399515, 0.0123646, 0.858872, 0.512041, 0.164719, -0.0743544, -0.509873, 0.857031, 0.181505, 1372.03, 1244.38, 774.487, 376.51
48, 389, 0, 0, 524, 3, 0.993823, -0.0778878, 0.0790518, -0.480858, 0.0365754, 0.902416, 0.42931, 0.14854, -0.104776, -0.423767, 0.899691, 0.0521318, 1372.03, 1244.38, 774.487, 376.51
56, 436, 0, 0, 518, 27, 0.995734, -0.0544989, 0.0744506, -0.366001, 0.00755184, 0.852344, 0.522927, 0.164035, -0.0919564, -0.520134, 0.84912, 0.202221, 1372.03, 1244.38, 774.487, 376.51
57, 440, 0, 0, 300, 24, 0.994381, -0.071084, 0.078445, -0.351038, 0.0181309, 0.844429, 0.535361, 0.159787, -0.104297, -0.53093, 0.840973, 0.205928, 1372.03, 1244.38, 774.488, 376.51
58, 446, 0, 0, 284, 19, 0.996474, -0.054369, 0.0639029, -0.336582, 0.0115271, 0.843128, 0.537589, 0.15886, -0.0831065, -0.534957, 0.840782, 0.205029, 1372.03, 1244.38, 774.488, 376.51
59, 449, 0, 0, 355, 13, 0.997032, -0.0504586, 0.0581492, -0.322, 0.0114841, 0.844308, 0.535735, 0.156817, -0.0761282, -0.533477, 0.842382, 0.203297, 1372.03, 1244.38, 774.488, 376.51
60, 453, 0, 0, 405, 13, 0.9972, -0.0534797, 0.0522733, -0.305681, 0.0175283, 0.84667, 0.531829, 0.154901, -0.0727003, -0.529424, 0.845237, 0.199721, 1372.03, 1244.38, 774.488, 376.51
61, 457, 0, 0, 562, 46, 0.997722, -0.049536, 0.0458037, -0.288419, 0.0178568, 0.848582, 0.528762, 0.154879, -0.0650609, -0.526739, 0.847534, 0.194539, 1372.03, 1244.38, 774.487, 376.509
62, 462, 0, 0, 663, 33, 0.998453, -0.0411398, 0.0373929, -0.271564, 0.0152019, 0.849006, 0.528164, 0.153614, -0.0534754, -0.526779, 0.848319, 0.187072, 1372.03, 1244.38, 774.487, 376.509
63, 468, 0, 0, 467, 9, 0.998871, -0.0370649, 0.0297157, -0.255099, 0.0157765, 0.848825, 0.528438, 0.153168, -0.0448099, -0.527373, 0.848452, 0.180375, 1372.03, 1244.38, 774.488, 376.509
64, 482, 0, 0, 290, 13, 0.999214, -0.0315699, 0.0239922, -0.270109, 0.0140387, 0.847539, 0.530548, 0.148746, -0.0370837, -0.529794, 0.847315, 0.182371, 1372.03, 1244.38, 774.488, 376.509
65, 486, 0, 0, 292, 7, 0.99894, -0.0341401, 0.0308687, -0.285336, 0.0125463, 0.847256, 0.531036, 0.148361, -0.0442833, -0.530086, 0.846787, 0.186616, 1372.03, 1244.38, 774.488, 376.509
66, 489, 0, 0, 331, 0, 0.998543, -0.0386089, 0.0377014, -0.302884, 0.012653, 0.846686, 0.531943, 0.148668, -0.0524589, -0.530691, 0.84594, 0.193403, 1372.03, 1244.38, 774.488, 376.509
67, 491, 0, 0, 276, 0, 0.998045, -0.0446065, 0.0437842, -0.316746, 0.0144044, 0.845786, 0.533327, 0.148025, -0.0608219, -0.531654, 0.844775, 0.199942, 1372.03, 1244.38, 774.487, 376.509
68, 494, 0, 0, 563, 12, 0.996993, -0.052321, 0.0571571, -0.338998, 0.0137049, 0.845057, 0.534501, 0.148194, -0.0762667, -0.532111, 0.843233, 0.209692, 1372.03, 1244.38, 774.487, 376.509
69, 497, 0, 0, 674, 5, 0.996225, -0.0519724, 0.0695325, -0.353066, 0.00700479, 0.846493, 0.532354, 0.147895, -0.0865265, -0.529857, 0.843661, 0.212303, 1372.03, 1244.38, 774.487, 376.509
70, 503, 0, 0, 767, 14, 0.996796, -0.045494, 0.0657931, -0.363955, 0.0048897, 0.855632, 0.517562, 0.141004, -0.0798407, -0.515582, 0.853112, 0.191273, 1372.03, 1244.38, 774.487, 376.509
71, 507, 0, 0, 743, 26, 0.997249, -0.051328, 0.0534706, -0.370399, 0.0169282, 0.860073, 0.50989, 0.13997, -0.0721602, -0.507583, 0.858576, 0.167603, 1372.03, 1244.38, 774.487, 376.509
72, 512, 0, 0, 262, 5, 0.996508, -0.0680831, 0.0483304, -0.383163, 0.0349782, 0.866028, 0.498771, 0.136609, -0.0758134, -0.495339, 0.865385, 0.147529, 1372.03, 1244.38, 774.487, 376.509
73, 515, 0, 0, 275, 3, 0.994323, -0.0853835, 0.0634977, -0.396558, 0.0434322, 0.870444, 0.490348, 0.132069, -0.0971388, -0.484806, 0.869211, 0.143234, 1372.03, 1244.38, 774.487, 376.509
74, 518, 0, 0, 593, 14, 0.991615, -0.0959483, 0.086561, -0.418969, 0.0425257, 0.874836, 0.482548, 0.127147, -0.122026, -0.474821, 0.871581, 0.138659, 1372.03, 1244.38, 774.487, 376.509
75, 520, 0, 0, 711, 4, 0.990588, -0.0928075, 0.100606, -0.434753, 0.0335597, 0.877266, 0.47883, 0.124086, -0.132697, -0.470947, 0.872124, 0.134479, 1372.03, 1244.38, 774.487, 376.509
76, 523, 0, 0, 701, 13, 0.990912, -0.074565, 0.111957, -0.453613, 0.012395, 0.879373, 0.475971, 0.124872, -0.133943, -0.470258, 0.872305, 0.126065, 1372.03, 1244.38, 774.487, 376.509
77, 528, 0, 0, 666, 41, 0.993648, -0.0424417, 0.104225, -0.471214, -0.0115818, 0.88267, 0.46985, 0.118646, -0.111938, -0.468073, 0.876572, 0.104057, 1372.03, 1244.38, 774.487, 376.509
78, 534, 0, 0, 301, 3, 0.993574, -0.0268134, 0.109963, -0.486326, -0.0255355, 0.893383, 0.448569, 0.116088, -0.110267, -0.448494, 0.886958, 0.0816057, 1372.03, 1244.38, 774.487, 376.509
79, 538, 0, 0, 180, 1, 0.991248, -0.0328616, 0.12786, -0.503175, -0.0263937, 0.899638, 0.435838, 0.110545, -0.12935, -0.435398, 0.890897, 0.0761086, 1372.03, 1244.38, 774.487, 376.509
80, 541, 0, 0, 532, 13, 0.990159, -0.0427843, 0.13325, -0.525449, -0.0185163, 0.903705, 0.427755, 0.107384, -0.13872, -0.426013, 0.894019, 0.0758983, 1372.03, 1244.38, 774.487, 376.509
81, 544, 0, 0, 695, 5, 0.98957, -0.0532446, 0.133848, -0.549391, -0.00856683, 0.905783, 0.423656, 0.102272, -0.143795, -0.420384, 0.89588, 0.0714192, 1372.03, 1244.38, 774.487, 376.509
82, 547, 0, 0, 780, 4, 0.988746, -0.0627221, 0.135823, -0.571494, -0.00055198, 0.906336, 0.422557, 0.100367, -0.149605, -0.417877, 0.896101, 0.0640875, 1372.03, 1244.38, 774.487, 376.509
51, 415, 0, 0, 544, 0, 0.997897, -0.0329356, 0.0558246, -0.442857, 0.00184432, 0.875355, 0.483476, 0.165338, -0.06479, -0.482357, 0.873576, 0.132844, 1372.03, 1244.38, 774.487, 376.509
84, 561, 0, 0, 399, 4, 0.992756, -0.021905, 0.118138, -0.608825, -0.0302959, 0.905836, 0.422545, 0.08982, -0.11627, -0.423063, 0.89861, 0.0186391, 1372.03, 1244.38, 774.488, 376.509
85, 565, 0, 0, 278, 0, 0.994893, -0.0209519, 0.0987327, -0.627436, -0.0227676, 0.906417, 0.42177, 0.086505, -0.0983299, -0.421864, 0.901311, 0.0147619, 1372.03, 1244.38, 774.488, 376.509
86, 568, 0, 0, 333, 8, 0.996196, -0.0260341, 0.0831646, -0.651016, -0.011624, 0.906106, 0.42289, 0.0840934, -0.0863656, -0.422248, 0.902357, 0.0120168, 1372.03, 1244.38, 774.488, 376.509
87, 571, 0, 0, 393, 4, 0.996395, -0.0325371, 0.0783511, -0.679683, -0.00376793, 0.90565, 0.424009, 0.0830337, -0.0847547, -0.422776, 0.902262, 0.0101828, 1372.03, 1244.38, 774.488, 376.509
88, 574, 0, 0, 446, 0, 0.995763, -0.0370705, 0.084149, -0.702372, -0.00213546, 0.905565, 0.424202, 0.0849212, -0.0919278, -0.422585, 0.901649, 0.00882767, 1372.03, 1244.38, 774.487, 376.509
89, 578, 0, 0, 450, 0, 0.994808, -0.0313638, 0.09682, -0.721774, -0.0124403, 0.906723, 0.421544, 0.085115, -0.10101, -0.42056, 0.901624, 0.00849671, 1372.03, 1244.38, 774.487, 376.509
38, 309, 0, 0, 579, 0, 0.999121, -0.0345441, 0.023754, -0.651231, 0.0244548, 0.940451, 0.339047, 0.0996296, -0.0340516, -0.338168, 0.940469, -0.07599, 1372.03, 1244.38, 774.488, 376.509
91, 596, 0, 0, 372, 0, 0.997894, -0.0213721, 0.0612505, -0.7704, -0.00544598, 0.913241, 0.407383, 0.0792339, -0.0646431, -0.406858, 0.911201, -0.00370793, 1372.03, 1244.38, 774.487, 376.509
92, 599, 0, 0, 292, 0, 0.997607, -0.0284574, 0.0630157, -0.795427, 0.00133625, 0.919143, 0.393923, 0.0793038, -0.0691305, -0.392896, 0.916981, -0.00459153, 1372.03, 1244.38, 774.487, 376.509
93, 602, 0, 0, 268, 0, 0.996818, -0.0349389, 0.0716469, -0.814858, 0.00546646, 0.926669, 0.37584, 0.0762677, -0.0795243, -0.374252, 0.923911, -0.0103007, 1372.03, 1244.38, 774.488, 376.509
94, 606, 0, 0, 377, 0, 0.996416, -0.0279013, 0.0798531, -0.832374, -0.0019684, 0.936129, 0.351652, 0.0739229, -0.0845643, -0.350549, 0.932719, -0.0136755, 1372.03, 1244.38, 774.488, 376.509
95, 618, 0, 0, 295, 0, 0.998324, -0.0131143, 0.0563582, -0.850215, -0.0063109, 0.943491, 0.331337, 0.0648096, -0.0575188, -0.331138, 0.941828, -0.0417087, 1372.03, 1244.38, 774.488, 376.509
96, 622, 0, 0, 417, 0, 0.998705, -0.0184348, 0.0474198, -0.875648, 0.00149604, 0.942284, 0.334812, 0.0642257, -0.0508551, -0.334307, 0.941091, -0.0518387, 1372.03, 1244.38, 774.487, 376.509
97, 626, 0, 0, 249, 0, 0.99838, -0.0295731, 0.0486171, -0.900404, 0.0110854, 0.939061, 0.343573, 0.0606934, -0.055815, -0.342477, 0.937867, -0.0606001, 1372.03, 1244.38, 774.488, 376.509
98, 630, 0, 0, 279, 0, 0.995681, -0.0429615, 0.0823017, -0.919265, 0.0127219, 0.941264, 0.337432, 0.0544674, -0.0919642, -0.334927, 0.937745, -0.0741365, 1372.03, 1244.38, 774.488, 376.509
99, 642, 0, 0, 402, 0, 0.995771, -0.0300689, 0.0868108, -0.941543, 0.00192051, 0.951529, 0.307554, 0.0466578, -0.0918508, -0.306087, 0.947562, -0.0739302, 1372.03, 1244.38, 774.488, 376.509
46, 380, 0, 0, 541, 0, 0.998454, -0.05208, 0.0194085, -0.472506, 0.0398482, 0.914226, 0.403241, 0.137898, -0.0387446, -0.401844, 0.914888, -0.0181572, 1372.03, 1244.38, 774.488, 376.509
101, 649, 0, 0, 311, 0, 0.997342, -0.0293995, 0.0666641, -0.997637, 0.00723133, 0.950399, 0.310949, 0.0453155, -0.0724992, -0.309641, 0.948086, -0.0750627, 1372.03, 1244.38, 774.487, 376.509
55, 433, 0, 0, 594, 0, 0.996952, -0.0465537, 0.0626105, -0.381777, 0.00761289, 0.856693, 0.51577, 0.164624, -0.077649, -0.513721, 0.854436, 0.194223, 1372.03, 1244.38, 774.487, 376.509
102, 653, 0, 0, 289, 0, 0.997956, -0.030782, 0.0560032, -1.02273, 0.0116364, 0.949225, 0.314383, 0.0471686, -0.062837, -0.313088, 0.947643, -0.0786676, 1372.03, 1244.38, 774.487, 376.509
103, 664, 0, 0, 251, 0, 0.99995, -0.00384808, 0.0091886, -1.03572, 0.000628024, 0.944897, 0.327367, 0.0471259, -0.00994202, -0.327345, 0.944853, -0.0772404, 1372.03, 1244.38, 774.487, 376.509
105, 675, 0, 0, 395, 0, 0.999438, -0.0248864, -0.0224361, -1.09401, 0.0308603, 0.944504, 0.327047, 0.0427901, 0.013052, -0.327556, 0.944742, -0.0696192, 1372.03, 1244.38, 774.487, 376.509
83, 551, 0, 0, 730, 0, 0.988357, -0.0597154, 0.139943, -0.593551, -0.00585239, 0.904162, 0.42715, 0.0985545, -0.152039, -0.422995, 0.893286, 0.0500006, 1372.03, 1244.38, 774.487, 376.509
106, 679, 0, 0, 422, 0, 0.999188, -0.0341783, -0.0213375, -1.12459, 0.0393058, 0.943282, 0.329658, 0.0411129, 0.00886008, -0.330229, 0.943859, -0.0692013, 1372.03, 1244.38, 774.487, 376.509
108, 700, 0, 0, 494, 0, 0.998914, -0.0122487, -0.0449606, -1.16876, 0.024215, 0.960781, 0.27625, 0.0298562, 0.0398135, -0.277039, 0.960033, -0.0988324, 1372.03, 1244.38, 774.486, 376.508
90, 593, 0, 0, 278, 0, 0.99762, -0.0144144, 0.0674268, -0.743005, -0.0153392, 0.907, 0.42085, 0.0804171, -0.0672224, -0.420883, 0.904621, -0.00390296, 1372.03, 1244.38, 774.487, 376.508
110, 716, 0, 0, 317, 0, 0.997785, -0.0111738, -0.0655832, -1.16725, 0.0213512, 0.987431, 0.156603, 0.0099945, 0.063009, -0.157656, 0.985482, -0.101277, 1372.03, 1244.38, 774.486, 376.508
111, 723, 0, 0, 294, 0, 0.996615, -0.0103636, -0.0815591, -1.16631, 0.0183032, 0.995095, 0.0972115, -0.00107997, 0.0801517, -0.0983752, 0.991916, -0.0994638, 1372.03, 1244.38, 774.487, 376.509
109, 705, 0, 0, 402, 0, 0.998298, -0.0129296, -0.0568747, -1.16462, 0.0250411, 0.975688, 0.217729, 0.0200421, 0.0526769, -0.218783, 0.974351, -0.102275, 1372.03, 1244.38, 774.487, 376.509
112, 746, 0, 0, 386, 0, 0.99615, -0.0132992, -0.0866485, -1.17708, 0.0212433, 0.995586, 0.0914149, 0.00463715, 0.0850503, -0.0929037, 0.992036, -0.0950917, 1372.03, 1244.38, 774.487, 376.509
114, 765, 0, 0, 498, 0, 0.997976, -0.0159759, -0.0615572, -1.19994, 0.0279755, 0.979534, 0.199325, 0.023956, 0.0571129, -0.200643, 0.977998, -0.0636449, 1372.03, 1244.38, 774.487, 376.509
107, 693, 0, 0, 387, 0, 0.999094, -0.0094608, -0.0414924, -1.1442, 0.0218657, 0.950562, 0.309763, 0.0336671, 0.0365105, -0.310389, 0.949908, -0.0969852, 1372.03, 1244.38, 774.488, 376.509
115, 771, 0, 0, 500, 0, 0.996003, -0.0180771, -0.0874752, -1.20844, 0.0394399, 0.967676, 0.249094, 0.0303178, 0.0801448, -0.251548, 0.964521, -0.0296171, 1372.03, 1244.38, 774.488, 376.509
104, 671, 0, 0, 427, 0, 0.99962, -0.0159836, -0.0224594, -1.05679, 0.0224644, 0.944532, 0.327651, 0.0422545, 0.0159765, -0.328031, 0.944532, -0.0717157, 1372.03, 1244.38, 774.488, 376.509
117, 790, 0, 0, 422, 0, 0.995856, -0.0275884, -0.0866596, -1.24118, 0.0518836, 0.954945, 0.292214, 0.0557532, 0.0746934, -0.295499, 0.952419, 0.14651, 1372.03, 1244.38, 774.488, 376.509
118, 797, 0, 0, 391, 0, 0.995044, -0.0173873, -0.0979058, -1.26135, 0.0480488, 0.946092, 0.320314, 0.0700108, 0.0870585, -0.323431, 0.942238, 0.206489, 1372.03, 1244.38, 774.487, 376.509
120, 809, 0, 0, 542, 0, 0.997056, 0.0158528, -0.0750234, -1.30306, 0.00935208, 0.945952, 0.324173, 0.0871133, 0.0761076, -0.32392, 0.943018, 0.341372, 1372.03, 1244.38, 774.487, 376.509
121, 812, 0, 0, 561, 1, 0.99857, 0.010648, -0.0523851, -1.31937, 0.00808711, 0.938591, 0.344938, 0.0800558, 0.052841, -0.344869, 0.937162, 0.365814, 1372.03, 1244.38, 774.487, 376.509
122, 814, 0, 0, 534, 0, 0.999578, -0.00211162, -0.0289589, -1.3363, 0.0123291, 0.933842, 0.357473, 0.0730475, 0.0262882, -0.357679, 0.933474, 0.37765, 1372.03, 1244.38, 774.487, 376.509
100, 645, 0, 0, 319, 0, 0.996795, -0.0293594, 0.0744197, -0.965042, 0.00503824, 0.951418, 0.307862, 0.0457015, -0.0798428, -0.3065, 0.948516, -0.0743329, 1372.03, 1244.38, 774.487, 376.509
124, 819, 0, 0, 434, 0, 0.999626, -0.0264881, 0.00686464, -1.38552, 0.0220477, 0.928265, 0.371265, 0.0640819, -0.0162063, -0.370974, 0.928502, 0.403509, 1372.03, 1244.38, 774.488, 376.509
125, 822, 0, 0, 630, 0, 0.999681, -0.0251197, -0.00261458, -1.41409, 0.0242942, 0.928183, 0.371331, 0.058902, -0.00690091, -0.371277, 0.928497, 0.408888, 1372.03, 1244.38, 774.488, 376.509
126, 825, 0, 0, 533, 1, 0.99952, -0.0269241, -0.0152983, -1.43727, 0.0306583, 0.929931, 0.366454, 0.0578236, 0.00435989, -0.366747, 0.93031, 0.424844, 1372.03, 1244.38, 774.488, 376.509
127, 828, 0, 0, 693, 1, 0.999142, -0.0335935, -0.024238, -1.46406, 0.0400208, 0.933834, 0.355461, 0.0606567, 0.0106931, -0.356125, 0.934377, 0.443041, 1372.03, 1244.38, 774.488, 376.509
128, 831, 0, 0, 650, 7, 0.999267, -0.0294785, -0.0244064, -1.48852, 0.0360963, 0.937869, 0.345107, 0.0587143, 0.0127168, -0.345735, 0.938246, 0.460089, 1372.03, 1244.38, 774.487, 376.509
129, 834, 0, 0, 610, 10, 0.999785, -0.018981, -0.00839271, -1.50976, 0.0207073, 0.939386, 0.342236, 0.0576181, 0.00138801, -0.342336, 0.939577, 0.475411, 1372.03, 1244.38, 774.487, 376.509
130, 837, 0, 0, 561, 9, 0.999234, -0.0256536, 0.0295379, -1.53039, 0.0139099, 0.938631, 0.344641, 0.0572884, -0.0365665, -0.343966, 0.93827, 0.491289, 1372.03, 1244.38, 774.487, 376.509
131, 839, 0, 0, 640, 14, 0.997032, -0.0436295, 0.0634296, -1.55127, 0.0190322, 0.938023, 0.346049, 0.0573254, -0.0745964, -0.343815, 0.93607, 0.504867, 1372.03, 1244.38, 774.487, 376.509
132, 841, 0, 0, 616, 8, 0.993261, -0.0638132, 0.0967447, -1.57286, 0.0266693, 0.93821, 0.345037, 0.0559196, -0.112785, -0.340132, 0.93359, 0.520736, 1372.03, 1244.38, 774.488, 376.509
116, 783, 0, 0, 357, 0, 0.995735, -0.014901, -0.0910534, -1.21388, 0.0398445, 0.959552, 0.278696, 0.043131, 0.0832176, -0.281136, 0.956053, 0.0677372, 1372.03, 1244.38, 774.488, 376.509
134, 846, 0, 0, 455, 5, 0.98731, -0.0798462, 0.137273, -1.6236, 0.0303324, 0.94331, 0.330524, 0.050634, -0.155882, -0.322166, 0.933761, 0.54503, 1372.03, 1244.38, 774.487, 376.509
135, 849, 0, 0, 543, 0, 0.989122, -0.0653968, 0.131758, -1.64407, 0.0212817, 0.949934, 0.311725, 0.047507, -0.145548, -0.30553, 0.940993, 0.550757, 1372.03, 1244.38, 774.488, 376.509
136, 853, 0, 0, 597, 0, 0.991402, -0.0471475, 0.122065, -1.66165, 0.0117988, 0.961243, 0.275451, 0.0431534, -0.130321, -0.271642, 0.953534, 0.557402, 1372.03, 1244.38, 774.488, 376.509
137, 857, 0, 0, 609, 0, 0.993553, -0.0397706, 0.106168, -1.6639, 0.0147741, 0.973886, 0.226557, 0.0396307, -0.112406, -0.223528, 0.968194, 0.570352, 1372.03, 1244.38, 774.488, 376.509
138, 861, 0, 0, 699, 0, 0.99496, -0.0427517, 0.0906996, -1.65904, 0.0249847, 0.981724, 0.188662, 0.0375053, -0.0971077, -0.185446, 0.977845, 0.603737, 1372.03, 1244.38, 774.487, 376.509
113, 756, 0, 0, 445, 0, 0.996698, -0.0151405, -0.0797771, -1.19263, 0.0266748, 0.988989, 0.145566, 0.0180729, 0.0766948, -0.147214, 0.986127, -0.0939947, 1372.03, 1244.38, 774.487, 376.509
139, 867, 0, 0, 645, 0, 0.995546, -0.05303, 0.0779445, -1.65449, 0.0373361, 0.98097, 0.190533, 0.0413021, -0.0865652, -0.186775, 0.978581, 0.649734, 1372.03, 1244.38, 774.487, 376.509
141, 876, 0, 0, 943, 53, 0.993569, -0.0604266, 0.0957517, -1.68847, 0.0405432, 0.979479, 0.197428, 0.0351729, -0.105717, -0.192276, 0.97563, 0.715682, 1372.03, 1244.38, 774.487, 376.509
142, 880, 0, 0, 672, 218, 0.990381, -0.067069, 0.121027, -1.70281, 0.0437296, 0.981557, 0.1861, 0.0347724, -0.131277, -0.179017, 0.975048, 0.743456, 1372.03, 1244.38, 774.487, 376.509
119, 803, 0, 0, 474, 0, 0.995606, -0.00509625, -0.0935016, -1.27354, 0.0348826, 0.946835, 0.319823, 0.0680445, 0.0869007, -0.32168, 0.942852, 0.279008, 1372.03, 1244.38, 774.487, 376.509
123, 816, 0, 0, 427, 0, 0.999824, -0.0162783, -0.00934963, -1.35251, 0.0185781, 0.929471, 0.368428, 0.0663287, 0.00269283, -0.368537, 0.929609, 0.391925, 1372.03, 1244.38, 774.488, 376.509
144, 888, 0, 0, 719, 152, 0.984978, -0.0704805, 0.157642, -1.71787, 0.0459877, 0.987009, 0.153944, 0.0237907, -0.166444, -0.144382, 0.975423, 0.772058, 1372.03, 1244.38, 774.488, 376.509
145, 893, 0, 0, 626, 185, 0.986812, -0.0608409, 0.150004, -1.71573, 0.0413687, 0.990693, 0.129673, 0.01218, -0.156497, -0.121758, 0.980145, 0.784229, 1372.03, 1244.38, 774.487, 376.509
146, 897, 0, 0, 559, 0, 0.990341, -0.0508551, 0.12899, -1.70784, 0.0376228, 0.993967, 0.103023, 0.00680627, -0.133451, -0.0971751, 0.98628, 0.793521, 1372.03, 1244.38, 774.488, 376.509
133, 843, 0, 0, 522, 0, 0.989183, -0.078544, 0.123883, -1.59628, 0.0318117, 0.939329, 0.341539, 0.0533564, -0.143193, -0.333904, 0.931667, 0.534077, 1372.03, 1244.38, 774.487, 376.509
149, 906, 0, 0, 153, 0, 0.992465, -0.0463927, 0.11341, -1.70257, 0.0409417, 0.997913, 0.0499313, 0.0300453, -0.11549, -0.0449118, 0.992293, 0.797978, 1372.03, 1244.38, 774.488, 376.509
151, 921, 0, 0, 689, 21, 0.992499, -0.0360481, 0.116817, -1.70303, 0.042773, 0.997538, -0.0555809, 0.0147652, -0.114526, 0.0601606, 0.991597, 0.803159, 1372.03, 1244.38, 774.488, 376.509
147, 902, 0, 0, 262, 0, 0.992405, -0.045605, 0.114249, -1.7022, 0.0373449, 0.996601, 0.0734257, -0.00414308, -0.117209, -0.0686014, 0.990735, 0.802528, 1372.03, 1244.38, 774.487, 376.509
153, 946, 0, 0, 815, 136, 0.988984, -0.0300819, 0.144934, -1.69996, 0.0396532, 0.997187, -0.0636092, 0.0112773, -0.142613, 0.0686556, 0.987395, 0.801232, 1372.03, 1244.38, 774.487, 376.509
148, 904, 0, 0, 439, 0, 0.992015, -0.0463582, 0.117287, -1.70487, 0.0391994, 0.997267, 0.0626243, 0.0140636, -0.11987, -0.0575266, 0.991122, 0.800529, 1372.03, 1244.38, 774.488, 376.509
154, 951, 0, 0, 807, 207, 0.985456, -0.031541, 0.166978, -1.699, 0.0384694, 0.998521, -0.0384212, 0.0209909, -0.165519, 0.044286, 0.985212, 0.799053, 1372.03, 1244.38, 774.488, 376.509
150, 915, 0, 0, 450, 0, 0.99165, -0.0388786, 0.122956, -1.70733, 0.0412793, 0.999002, -0.0170369, 0.0272993, -0.122171, 0.0219702, 0.992266, 0.801392, 1372.03, 1244.38, 774.488, 376.509
155, 956, 0, 0, 634, 62, 0.981874, -0.028432, 0.187388, -1.68632, 0.0343901, 0.998999, -0.0286206, 0.029861, -0.186387, 0.0345461, 0.981869, 0.793236, 1372.03, 1244.38, 774.488, 376.509
157, 963, 0, 0, 276, 0, 0.984995, -0.0267648, 0.170494, -1.65908, 0.030249, 0.999383, -0.0178705, 0.0453451, -0.169911, 0.0227596, 0.985197, 0.793919, 1372.03, 1244.38, 774.488, 376.509
156, 959, 0, 0, 497, 0, 0.983207, -0.0248334, 0.180798, -1.66911, 0.0303293, 0.999156, -0.0276965, 0.0360657, -0.179958, 0.0327149, 0.98313, 0.792199, 1372.03, 1244.38, 774.488, 376.509
159, 975, 0, 0, 561, 0, 0.991322, -0.0296556, 0.128069, -1.65844, 0.0309727, 0.999486, -0.00830465, 0.0759416, -0.127757, 0.0121992, 0.991731, 0.796944, 1372.03, 1244.38, 774.488, 376.509
160, 981, 0, 0, 898, 0, 0.989953, -0.0161817, 0.14047, -1.66182, 0.0119488, 0.99945, 0.0309257, 0.0871522, -0.140893, -0.0289366, 0.989602, 0.799523, 1372.03, 1244.38, 774.488, 376.509
161, 983, 0, 0, 127, 0, 0.988569, -0.0185787, 0.149619, -1.66345, 0.0087402, 0.997772, 0.0661479, 0.0975127, -0.150514, -0.0640841, 0.986529, 0.802753, 1372.03, 1244.38, 774.488, 376.509
162, 986, 0, 0, 177, 0, 0.987506, -0.0233063, 0.15585, -1.66488, 0.00687608, 0.994433, 0.105142, 0.106848, -0.157433, -0.102757, 0.982169, 0.80462, 1372.03, 1244.38, 774.488, 376.509
140, 872, 0, 0, 808, 0, 0.99559, -0.0499168, 0.0794304, -1.67539, 0.0329672, 0.978846, 0.201926, 0.0395416, -0.0878296, -0.198416, 0.976175, 0.679012, 1372.03, 1244.38, 774.488, 376.509
143, 883, 0, 0, 795, 0, 0.987238, -0.0705427, 0.142775, -1.71648, 0.045337, 0.983938, 0.172658, 0.0319143, -0.152661, -0.163982, 0.974579, 0.756751, 1372.03, 1244.38, 774.488, 376.509
152, 925, 0, 0, 653, 0, 0.992819, -0.0304594, 0.115681, -1.70137, 0.0404848, 0.99553, -0.085328, 0.00242584, -0.112565, 0.0893986, 0.989615, 0.800627, 1372.03, 1244.38, 774.488, 376.509
164, 995, 0, 0, 315, 0, 0.987997, -0.0226256, 0.152804, -1.66604, 0.00449242, 0.993005, 0.117987, 0.143594, -0.154405, -0.115884, 0.981188, 0.80614, 1372.03, 1244.38, 774.488, 376.509
166, 1000, 0, 0, 555, 0, 0.988687, -0.0341944, 0.146046, -1.66609, 0.0134472, 0.989954, 0.140749, 0.177918, -0.149392, -0.137193, 0.979214, 0.81561, 1372.03, 1244.38, 774.488, 376.509
167, 1003, 0, 0, 581, 0, 0.988394, -0.0368674, 0.147368, -1.66815, 0.0134561, 0.987538, 0.156804, 0.192422, -0.151313, -0.153002, 0.976573, 0.826929, 1372.03, 1244.38, 774.488, 376.509
168, 1007, 0, 0, 516, 0, 0.988047, -0.0325659, 0.150674, -1.67045, 0.00573967, 0.984525, 0.175152, 0.202695, -0.154046, -0.172194, 0.972943, 0.839651, 1372.03, 1244.38, 774.488, 376.509
158, 969, 0, 0, 292, 0, 0.988895, -0.0316053, 0.145215, -1.65521, 0.0331289, 0.999418, -0.00808484, 0.0580374, -0.144875, 0.0128059, 0.989367, 0.794236, 1372.03, 1244.38, 774.488, 376.509
170, 1013, 0, 0, 411, 0, 0.989186, -0.0348499, 0.142469, -1.67388, 0.00431133, 0.97785, 0.209261, 0.230377, -0.146606, -0.206384, 0.967426, 0.856377, 1372.03, 1244.38, 774.488, 376.509
171, 1016, 0, 0, 210, 0, 0.990273, -0.0409367, 0.13298, -1.67432, 0.00988656, 0.974026, 0.226222, 0.243351, -0.138787, -0.222707, 0.964956, 0.860379, 1372.03, 1244.38, 774.488, 376.509
173, 1023, 0, 0, 241, 0, 0.989378, -0.0478381, 0.13727, -1.6715, 0.0120218, 0.967992, 0.250693, 0.282112, -0.144869, -0.24638, 0.958285, 0.86882, 1372.03, 1244.38, 774.488, 376.509
165, 997, 0, 0, 446, 0, 0.988436, -0.0268286, 0.149249, -1.6655, 0.00768855, 0.991826, 0.127369, 0.156946, -0.151446, -0.124748, 0.980562, 0.808558, 1372.03, 1244.38, 774.488, 376.509
175, 1027, 0, 0, 102, 0, 0.987168, -0.0473084, 0.152516, -1.67002, 0.00814174, 0.968776, 0.247803, 0.314363, -0.159477, -0.243381, 0.95673, 0.869941, 1372.03, 1244.38, 774.488, 376.509
176, 1029, 0, 0, 69, 0, 0.987079, -0.0463826, 0.153374, -1.6702, 0.00768648, 0.969792, 0.243812, 0.326492, -0.160049, -0.239483, 0.957618, 0.869845, 1372.03, 1244.38, 774.488, 376.509
172, 1020, 0, 0, 249, 0, 0.990305, -0.046404, 0.130926, -1.672, 0.0136037, 0.970418, 0.241048, 0.262917, -0.138239, -0.23693, 0.961642, 0.86203, 1372.03, 1244.38, 774.488, 376.509
163, 992, 0, 0, 233, 0, 0.987791, -0.0208259, 0.15439, -1.6649, 0.00249343, 0.993011, 0.117996, 0.122718, -0.155768, -0.11617, 0.980939, 0.806336, 1372.03, 1244.38, 774.488, 376.509
178, 1037, 0, 0, 184, 0, 0.989905, -0.0466358, 0.133838, -1.6742, 0.0142994, 0.972358, 0.233056, 0.356029, -0.141007, -0.228789, 0.963209, 0.860629, 1372.03, 1244.38, 774.488, 376.509
179, 1040, 0, 0, 256, 0, 0.988887, -0.0567041, 0.137431, -1.67385, 0.0208062, 0.968094, 0.249724, 0.36954, -0.147207, -0.244089, 0.958515, 0.857786, 1372.03, 1244.38, 774.487, 376.509
181, 1059, 0, 0, 323, 0, 0.990072, -0.075197, 0.118752, -1.67552, 0.0340144, 0.947927, 0.316665, 0.387837, -0.13638, -0.309482, 0.941074, 0.874023, 1372.03, 1244.38, 774.487, 376.509
182, 1071, 0, 0, 263, 0, 0.991494, -0.0685875, 0.110614, -1.66798, 0.0237638, 0.930992, 0.364265, 0.389571, -0.127965, -0.358538, 0.924703, 0.879617, 1372.03, 1244.38, 774.488, 376.509
183, 1074, 0, 0, 350, 0, 0.991541, -0.0697805, 0.109437, -1.65318, 0.024316, 0.92812, 0.371487, 0.388877, -0.127493, -0.365684, 0.921966, 0.878801, 1372.03, 1244.38, 774.488, 376.509
177, 1033, 0, 0, 178, 0, 0.988961, -0.0375502, 0.143336, -1.67525, 0.00459923, 0.974669, 0.223604, 0.347101, -0.148102, -0.220476, 0.964083, 0.865446, 1372.03, 1244.38, 774.488, 376.509
184, 1077, 0, 0, 427, 0, 0.991995, -0.0716075, 0.10401, -1.63466, 0.0276417, 0.926831, 0.37446, 0.383831, -0.123214, -0.368587, 0.921391, 0.876133, 1372.03, 1244.38, 774.488, 376.509
186, 1084, 0, 0, 460, 0, 0.993026, -0.0736288, 0.0920823, -1.59742, 0.0332361, 0.924167, 0.38054, 0.37259, -0.113118, -0.374826, 0.920168, 0.86385, 1372.03, 1244.38, 774.488, 376.509
187, 1086, 0, 0, 394, 0, 0.993065, -0.0768514, 0.0889653, -1.5817, 0.0372006, 0.923283, 0.382316, 0.368536, -0.111522, -0.376355, 0.919739, 0.862352, 1372.03, 1244.38, 774.488, 376.509
188, 1089, 0, 0, 282, 0, 0.992447, -0.083886, 0.0895101, -1.56893, 0.0428309, 0.920686, 0.387948, 0.36326, -0.114954, -0.381184, 0.917325, 0.863331, 1372.03, 1244.38, 774.488, 376.509
185, 1081, 0, 0, 284, 0, 0.992762, -0.0724578, 0.0957808, -1.61627, 0.0308973, 0.924749, 0.37932, 0.378659, -0.116058, -0.373615, 0.920295, 0.868555, 1372.03, 1244.38, 774.488, 376.509
190, 1098, 0, 0, 263, 0, 0.989695, -0.0907859, 0.110734, -1.54416, 0.0362706, 0.907043, 0.419473, 0.360949, -0.138523, -0.411134, 0.900989, 0.883276, 1372.03, 1244.38, 774.488, 376.509
191, 1100, 0, 0, 311, 0, 0.991459, -0.0818729, 0.101517, -1.53084, 0.0313924, 0.905329, 0.423549, 0.360371, -0.126584, -0.416745, 0.900167, 0.880989, 1372.03, 1244.38, 774.488, 376.509
192, 1102, 0, 0, 243, 0, 0.993287, -0.0714785, 0.0909457, -1.51456, 0.0262559, 0.905027, 0.424543, 0.357816, -0.112654, -0.419305, 0.900829, 0.87824, 1372.03, 1244.38, 774.488, 376.509
193, 1104, 0, 0, 241, 0, 0.994338, -0.0644024, 0.0845185, -1.49732, 0.0226431, 0.905551, 0.423632, 0.35737, -0.103819, -0.41932, 0.901883, 0.875072, 1372.03, 1244.38, 774.488, 376.509
169, 1010, 0, 0, 488, 0, 0.988242, -0.0303625, 0.149851, -1.67101, 0.00108714, 0.981455, 0.19169, 0.215724, -0.152893, -0.189273, 0.969948, 0.847141, 1372.03, 1244.38, 774.488, 376.509
195, 1108, 0, 0, 144, 0, 0.994069, -0.0641454, 0.0878139, -1.46259, 0.0207248, 0.904454, 0.426068, 0.35741, -0.106754, -0.421721, 0.900419, 0.871026, 1372.03, 1244.38, 774.488, 376.509
196, 1110, 0, 0, 192, 0, 0.993003, -0.0684993, 0.0961875, -1.44696, 0.0209196, 0.90372, 0.427612, 0.355779, -0.116218, -0.422608, 0.89883, 0.869594, 1372.03, 1244.38, 774.488, 376.509
197, 1113, 0, 0, 289, 0, 0.99175, -0.0755218, 0.103576, -1.42958, 0.0234071, 0.901127, 0.432923, 0.354125, -0.126031, -0.426927, 0.89546, 0.868658, 1372.03, 1244.38, 774.488, 376.509
198, 1116, 0, 0, 371, 0, 0.990967, -0.0812686, 0.106676, -1.41528, 0.0267749, 0.899345, 0.43642, 0.354637, -0.131405, -0.429622, 0.893397, 0.870116, 1372.03, 1244.38, 774.488, 376.509
199, 1119, 0, 0, 357, 0, 0.990497, -0.0830125, 0.109653, -1.39984, 0.0268207, 0.898578, 0.437993, 0.353189, -0.134891, -0.430889, 0.892266, 0.869779, 1372.03, 1244.38, 774.488, 376.509
200, 1122, 0, 0, 385, 0, 0.989161, -0.0823569, 0.121562, -1.38777, 0.021152, 0.899179, 0.437069, 0.351604, -0.145302, -0.42976, 0.891175, 0.868505, 1372.03, 1244.38, 774.488, 376.509
201, 1129, 0, 0, 255, 0, 0.982512, -0.095948, 0.159577, -1.38107, 0.017559, 0.900939, 0.433591, 0.345579, -0.185372, -0.423206, 0.886867, 0.863392, 1372.03, 1244.38, 774.488, 376.509
202, 1133, 0, 0, 274, 0, 0.982437, -0.0890614, 0.163965, -1.36746, 0.0103655, 0.90343, 0.428611, 0.338634, -0.186304, -0.419384, 0.888486, 0.856464, 1372.03, 1244.38, 774.488, 376.509
189, 1093, 0, 0, 175, 0, 0.989964, -0.0938455, 0.105664, -1.55957, 0.0437312, 0.914411, 0.402417, 0.359607, -0.134386, -0.393757, 0.909338, 0.875295, 1372.03, 1244.38, 774.488, 376.509
180, 1044, 0, 0, 268, 0, 0.987135, -0.0708291, 0.143347, -1.67095, 0.0263636, 0.95636, 0.290998, 0.385085, -0.157702, -0.283475, 0.945924, 0.85839, 1372.03, 1244.38, 774.488, 376.509
204, 1140, 0, 0, 164, 0, 0.983453, -0.0755269, 0.164672, -1.35596, 0.00647042, 0.923019, 0.3847, 0.308833, -0.181051, -0.377269, 0.908234, 0.849129, 1372.03, 1244.38, 774.488, 376.509
206, 1145, 0, 0, 435, 0, 0.98107, -0.0822089, 0.175337, -1.35522, 0.0142405, 0.933595, 0.358047, 0.275829, -0.193128, -0.348772, 0.917093, 0.842317, 1372.03, 1244.38, 774.488, 376.509
205, 1142, 0, 0, 278, 0, 0.982363, -0.0771678, 0.170317, -1.35638, 0.0082537, 0.927875, 0.372799, 0.292923, -0.186801, -0.364819, 0.912147, 0.846089, 1372.03, 1244.38, 774.488, 376.509
208, 1153, 0, 0, 1098, 0, 0.985849, -0.0740498, 0.150394, -1.34681, 0.0177775, 0.938271, 0.345444, 0.244432, -0.166691, -0.337882, 0.92631, 0.821528, 1372.03, 1244.38, 774.488, 376.509
207, 1147, 0, 0, 472, 0, 0.981048, -0.0846048, 0.174318, -1.35497, 0.0179067, 0.935375, 0.353205, 0.261143, -0.192935, -0.343389, 0.919162, 0.839118, 1372.03, 1244.38, 774.488, 376.509
209, 1157, 0, 0, 974, 8, 0.990396, -0.0635198, 0.122803, -1.33682, 0.0180325, 0.939973, 0.340771, 0.235336, -0.137077, -0.335284, 0.932091, 0.803382, 1372.03, 1244.38, 774.488, 376.509
211, 1166, 0, 0, 481, 108, 0.989689, -0.0720187, 0.123812, -1.34191, 0.0259619, 0.940279, 0.339412, 0.204316, -0.140862, -0.332698, 0.932454, 0.748664, 1372.03, 1244.38, 774.488, 376.509
212, 1169, 0, 0, 394, 97, 0.987752, -0.0715045, 0.138687, -1.34556, 0.0222735, 0.94433, 0.328245, 0.186712, -0.154437, -0.321135, 0.934356, 0.734817, 1372.03, 1244.38, 774.488, 376.509
213, 1173, 0, 0, 481, 105, 0.985376, -0.0697743, 0.155452, -1.34752, 0.018348, 0.950459, 0.310307, 0.163905, -0.169402, -0.302917, 0.93784, 0.719794, 1372.03, 1244.38, 774.488, 376.509
214, 1178, 0, 0, 669, 95, 0.982913, -0.0665943, 0.171602, -1.34557, 0.0116065, 0.952829, 0.303287, 0.145634, -0.183705, -0.296113, 0.93732, 0.71277, 1372.03, 1244.38, 774.488, 376.509
203, 1136, 0, 0, 279, 0, 0.982885, -0.078519, 0.16665, -1.36101, 0.00295119, 0.911214, 0.411923, 0.325046, -0.184198, -0.404381, 0.89585, 0.8501, 1372.03, 1244.38, 774.488, 376.509
216, 1192, 0, 0, 725, 201, 0.98605, -0.0497958, 0.158828, -1.3306, 0.00217624, 0.957978, 0.286834, 0.119913, -0.166437, -0.282487, 0.944722, 0.679094, 1372.03, 1244.38, 774.488, 376.509
194, 1106, 0, 0, 93, 0, 0.994422, -0.0621848, 0.085195, -1.48145, 0.020066, 0.904505, 0.425991, 0.35647, -0.103549, -0.421906, 0.900707, 0.872126, 1372.03, 1244.38, 774.488, 376.509
