3, 24, 0, 0, 150, 492, 0.998632, 0.029369, -0.0432513, 0.0742896, -0.031183, 0.998636, -0.0418792, 0.0182669, 0.0419623, 0.0431706, 0.998186, -0.0591828, 739.244, 696.561, 507.691, 282.272
1, 10, 0, 0, 283, 248, 0.999676, 0.0150431, -0.0205154, 0.0287808, -0.0153826, 0.999746, -0.0164929, 0.0100868, 0.0202621, 0.0168031, 0.999653, -0.0204962, 739.244, 696.561, 507.691, 282.272
4, 34, 0, 0, 208, 367, 0.998081, 0.022488, -0.0576916, 0.0889804, -0.0271938, 0.996251, -0.0821255, 0.0231954, 0.0556284, 0.0835367, 0.994951, -0.0765343, 739.244, 696.561, 507.691, 282.272
5, 44, 0, 0, 193, 288, 0.99716, 0.0445598, -0.0607209, 0.102044, -0.0508016, 0.993125, -0.105464, 0.0280306, 0.055604, 0.10825, 0.992567, -0.0957877, 739.244, 696.56, 507.691, 282.272
7, 82, 0, 0, 269, 176, 0.996127, 0.0434334, -0.0764485, 0.155606, -0.0520073, 0.992119, -0.113996, 0.0436553, 0.0708948, 0.11753, 0.990536, -0.216486, 739.244, 696.56, 507.691, 282.272
2, 18, 0, 0, 472, 64, 0.999253, 0.0178969, -0.034237, 0.058773, -0.0188794, 0.999413, -0.0285917, 0.0152025, 0.0337052, 0.0292167, 0.999005, -0.0429449, 739.244, 696.561, 507.691, 282.272
8, 93, 0, 0, 257, 38, 0.997781, 0.037626, -0.0549269, 0.166813, -0.0448552, 0.989562, -0.136952, 0.0421241, 0.0492006, 0.139112, 0.989054, -0.266568, 739.244, 696.561, 507.691, 282.272
11, 135, 0, 0, 325, 35, 0.994945, 0.0802507, -0.0603642, 0.256683, -0.0920528, 0.969087, -0.228904, 0.0506123, 0.0401284, 0.233304, 0.971575, -0.38879, 739.245, 696.561, 507.691, 282.272
12, 147, 0, 0, 399, 14, 0.995891, 0.0684111, -0.0593428, 0.268504, -0.0822067, 0.9578, -0.275428, 0.0548176, 0.0379963, 0.279175, 0.959488, -0.39865, 739.245, 696.561, 507.691, 282.272
13, 164, 0, 0, 242, 16, 0.997048, 0.0621271, -0.0451189, 0.273777, -0.0729651, 0.94961, -0.304822, 0.0596949, 0.0239077, 0.307214, 0.95134, -0.41622, 739.245, 696.561, 507.691, 282.272
10, 117, 0, 0, 277, 4, 0.995134, 0.0803751, -0.0569976, 0.2437, -0.0897108, 0.978308, -0.186721, 0.0519106, 0.0407535, 0.190925, 0.980758, -0.364903, 739.244, 696.561, 507.691, 282.271
15, 214, 0, 0, 624, 26, 0.998924, 0.0391786, 0.024808, 0.325664, -0.0292873, 0.947794, -0.317535, 0.0920782, -0.0359534, 0.316467, 0.947922, -0.475214, 739.245, 696.561, 507.691, 282.271
16, 236, 0, 0, 520, 38, 0.998576, 0.0506406, 0.0168025, 0.353802, -0.0425403, 0.945734, -0.322145, 0.102106, -0.0322043, 0.320971, 0.946541, -0.489673, 739.244, 696.561, 507.691, 282.271
9, 103, 0, 0, 265, 4, 0.998773, 0.0413033, -0.0273227, 0.190608, -0.0454594, 0.983522, -0.17498, 0.0453757, 0.0196452, 0.176007, 0.984193, -0.312981, 739.244, 696.561, 507.691, 282.271
0, 0, 0, 0, 1116, 0, 0.999999, -0.000631338, 0.00117934, 1.63848e-05, 0.000631653, 1, -0.000266649, 0.000258175, -0.00117917, 0.000267394, 0.999999, -0.00062053, 739.244, 696.561, 507.691, 282.271
18, 297, 0, 0, 518, 74, 0.996753, 0.0533501, 0.0603019, 0.447539, -0.0301268, 0.941684, -0.335146, 0.113682, -0.0746654, 0.332241, 0.940234, -0.500788, 739.244, 696.561, 507.691, 282.271
19, 316, 0, 0, 538, 183, 0.996044, 0.0342128, 0.0820065, 0.481757, -0.00435516, 0.940591, -0.339513, 0.11767, -0.0887502, 0.337813, 0.93702, -0.497694, 739.244, 696.561, 507.691, 282.271
20, 325, 0, 0, 370, 188, 0.995965, 0.0468864, 0.0765242, 0.52533, -0.0176708, 0.938438, -0.344995, 0.112056, -0.0879888, 0.34225, 0.93548, -0.493284, 739.244, 696.561, 507.69, 282.271
22, 367, 0, 0, 286, 137, 0.994918, 0.0445701, 0.0902883, 0.604943, -0.0113213, 0.940527, -0.33953, 0.109988, -0.100051, 0.336782, 0.936252, -0.526554, 739.244, 696.561, 507.69, 282.27
23, 386, 0, 0, 521, 103, 0.990699, 0.024951, 0.133767, 0.607636, 0.0245773, 0.934067, -0.356251, 0.107365, -0.133836, 0.356225, 0.924766, -0.492515, 739.244, 696.561, 507.69, 282.27
24, 401, 0, 0, 414, 57, 0.98318, 0.0206272, 0.181473, 0.611622, 0.0477838, 0.929943, -0.364585, 0.0913217, -0.17628, 0.367124, 0.913316, -0.462283, 739.243, 696.561, 507.69, 282.27
25, 417, 0, 0, 419, 37, 0.975448, 0.0104557, 0.219983, 0.627641, 0.0716897, 0.929394, -0.362059, 0.0791689, -0.208237, 0.368941, 0.905826, -0.442316, 739.243, 696.561, 507.69, 282.27
26, 426, 0, 0, 502, 6, 0.971251, 0.00727224, 0.237948, 0.64668, 0.0821994, 0.927814, -0.363875, 0.0818308, -0.223418, 0.372973, 0.900542, -0.438631, 739.244, 696.561, 507.69, 282.27
27, 434, 0, 0, 452, 1, 0.972111, 0.0150673, 0.234039, 0.679375, 0.071177, 0.931909, -0.355639, 0.0765093, -0.223461, 0.362379, 0.904846, -0.444448, 739.244, 696.561, 507.69, 282.271
28, 443, 0, 0, 551, 0, 0.976907, 0.00837511, 0.2135, 0.713385, 0.0666703, 0.937392, -0.341834, 0.073136, -0.202996, 0.348175, 0.915187, -0.453098, 739.244, 696.561, 507.69, 282.271
6, 64, 0, 0, 288, 0, 0.997324, 0.0426481, -0.0593823, 0.127574, -0.0487204, 0.993291, -0.104881, 0.0389252, 0.0545109, 0.107494, 0.99271, -0.14799, 739.244, 696.561, 507.69, 282.271
30, 487, 0, 0, 602, 0, 0.983816, -0.000702029, 0.17918, 0.738529, 0.0521091, 0.957892, -0.282361, 0.078417, -0.171436, 0.287128, 0.942426, -0.434721, 739.244, 696.561, 507.691, 282.271
31, 493, 0, 0, 540, 1, 0.982803, -0.00415708, 0.184611, 0.741715, 0.0555167, 0.960146, -0.273931, 0.077848, -0.176114, 0.279469, 0.943865, -0.417025, 739.244, 696.561, 507.691, 282.271
32, 502, 0, 0, 605, 19, 0.981893, -0.0114564, 0.189091, 0.744354, 0.0588643, 0.96721, -0.247064, 0.0759281, -0.180061, 0.253721, 0.95037, -0.41941, 739.244, 696.561, 507.69, 282.271
34, 512, 0, 0, 398, 107, 0.982872, -0.016411, 0.183556, 0.744, 0.0576224, 0.973453, -0.221514, 0.0831129, -0.175048, 0.228297, 0.957726, -0.442763, 739.244, 696.562, 507.69, 282.271
33, 506, 0, 0, 389, 0, 0.981946, -0.0138775, 0.18865, 0.743206, 0.0586791, 0.970454, -0.234043, 0.0782611, -0.179829, 0.240887, 0.953748, -0.432275, 739.244, 696.562, 507.691, 282.271
14, 187, 0, 0, 507, 0, 0.998914, 0.0424605, 0.0191636, 0.2714, -0.0344025, 0.949753, -0.311104, 0.066257, -0.0314103, 0.310107, 0.950183, -0.440938, 739.244, 696.562, 507.691, 282.271
17, 271, 0, 0, 703, 0, 0.99831, 0.0414253, 0.040756, 0.40128, -0.0259313, 0.94518, -0.325518, 0.106607, -0.0520065, 0.323911, 0.944657, -0.495727, 739.244, 696.562, 507.691, 282.27
21, 341, 0, 0, 309, 0, 0.996427, 0.0467787, 0.0703251, 0.569608, -0.0197964, 0.938775, -0.343961, 0.106197, -0.0821095, 0.34134, 0.936347, -0.507359, 739.244, 696.562, 507.691, 282.271
29, 458, 0, 0, 504, 0, 0.980882, 0.00543747, 0.194528, 0.730934, 0.0594187, 0.943506, -0.325984, 0.0773554, -0.185311, 0.33131, 0.925145, -0.455689, 739.244, 696.562, 507.691, 282.271
36, 549, 0, 0, 368, 0, 0.982738, -0.0397058, 0.180693, 0.748304, 0.0696905, 0.984202, -0.162756, 0.0988399, -0.171376, 0.172539, 0.96998, -0.423537, 739.244, 696.562, 507.691, 282.271
38, 608, 0, 0, 845, 3, 0.984022, -0.0492924, 0.171085, 0.743328, 0.0647162, 0.99421, -0.0857766, 0.127191, -0.165867, 0.0954781, 0.981515, -0.390072, 739.244, 696.561, 507.691, 282.271
40, 632, 0, 0, 122, 937, 0.986415, -0.0488424, 0.156842, 0.753438, 0.0601537, 0.995857, -0.0681992, 0.143309, -0.152861, 0.0767074, 0.985266, -0.364586, 739.244, 696.561, 507.691, 282.271
42, 662, 0, 0, 74, 991, 0.986563, -0.0606743, 0.151699, 0.754889, 0.0614198, 0.998112, -0.000229211, 0.161753, -0.151399, 0.00954346, 0.988427, -0.356863, 739.244, 696.561, 507.691, 282.271
39, 619, 0, 0, 733, 125, 0.984682, -0.0562433, 0.165041, 0.74848, 0.0693488, 0.994788, -0.0747471, 0.134075, -0.159977, 0.0850475, 0.98345, -0.376469, 739.244, 696.561, 507.691, 282.271
43, 671, 0, 0, 473, 617, 0.987699, -0.0538035, 0.14682, 0.755159, 0.0519421, 0.998514, 0.0164854, 0.174322, -0.147489, -0.00865649, 0.989026, -0.358624, 739.244, 696.561, 507.691, 282.271
45, 687, 0, 0, 249, 180, 0.989746, -0.0516825, 0.133159, 0.753282, 0.0435002, 0.997024, 0.0636428, 0.183656, -0.136052, -0.0571978, 0.989049, -0.337909, 739.244, 696.561, 507.691, 282.271
46, 692, 0, 0, 296, 115, 0.991349, -0.0461164, 0.122886, 0.751043, 0.0380721, 0.997025, 0.0670252, 0.188315, -0.125611, -0.0617668, 0.990155, -0.328267, 739.244, 696.561, 507.691, 282.271
44, 678, 0, 0, 484, 90, 0.988196, -0.0477624, 0.145561, 0.752313, 0.0437985, 0.99858, 0.0303177, 0.186723, -0.146802, -0.0235845, 0.988885, -0.348396, 739.244, 696.561, 507.691, 282.271
48, 705, 0, 0, 188, 47, 0.996446, -0.028846, 0.0791389, 0.731524, 0.0243763, 0.998084, 0.056875, 0.194385, -0.0806279, -0.0547438, 0.99524, -0.310416, 739.244, 696.561, 507.691, 282.271
49, 713, 0, 0, 258, 19, 0.999777, -0.0131943, 0.016511, 0.721892, 0.0123782, 0.998742, 0.0485878, 0.195717, -0.0171313, -0.0483726, 0.998682, -0.305182, 739.244, 696.561, 507.69, 282.271
50, 725, 0, 0, 226, 11, 0.999712, 0.00751548, -0.0227988, 0.705013, -0.00694729, 0.999666, 0.0248996, 0.1953, 0.0229783, -0.024734, 0.99943, -0.298009, 739.244, 696.561, 507.69, 282.271
51, 734, 0, 0, 246, 2, 0.997152, 0.0204329, -0.0726034, 0.693227, -0.0194688, 0.999713, 0.0139631, 0.193917, 0.0728678, -0.0125098, 0.997263, -0.294638, 739.244, 696.561, 507.691, 282.271
52, 746, 0, 0, 331, 0, 0.990968, 0.041862, -0.127397, 0.683362, -0.04196, 0.999117, 0.00191585, 0.192594, 0.127365, 0.00344705, 0.99185, -0.290028, 739.244, 696.561, 507.691, 282.271
37, 584, 0, 0, 726, 0, 0.98564, -0.0423012, 0.163477, 0.744436, 0.0642492, 0.989246, -0.131396, 0.116426, -0.156161, 0.140013, 0.977758, -0.400172, 739.244, 696.561, 507.691, 282.271
53, 756, 0, 0, 624, 1, 0.98565, 0.0543772, -0.159806, 0.672395, -0.056716, 0.998339, -0.0101071, 0.193949, 0.158991, 0.0190256, 0.987097, -0.288469, 739.244, 696.561, 507.691, 282.27
55, 775, 0, 0, 582, 0, 0.981699, 0.0681466, -0.177828, 0.644091, -0.0718691, 0.997308, -0.0145684, 0.193118, 0.176356, 0.0270821, 0.983954, -0.287723, 739.244, 696.561, 507.691, 282.271
56, 781, 0, 0, 628, 1, 0.980892, 0.0675479, -0.182451, 0.637537, -0.0709713, 0.997403, -0.012292, 0.190971, 0.181146, 0.0250059, 0.983138, -0.291779, 739.244, 696.561, 507.691, 282.271
57, 785, 0, 0, 600, 2, 0.980282, 0.061598, -0.187757, 0.635413, -0.0648772, 0.997829, -0.011364, 0.189654, 0.186649, 0.023321, 0.98215, -0.298985, 739.244, 696.561, 507.691, 282.27
58, 790, 0, 0, 318, 0, 0.979878, 0.0554361, -0.191745, 0.630586, -0.0591322, 0.998157, -0.0136034, 0.18924, 0.190638, 0.024668, 0.98135, -0.305473, 739.244, 696.561, 507.69, 282.27
41, 642, 0, 0, 869, 0, 0.986001, -0.0505825, 0.158885, 0.74578, 0.0611853, 0.996164, -0.062563, 0.167228, -0.155111, 0.0714086, 0.985313, -0.356852, 739.244, 696.561, 507.691, 282.27
59, 807, 0, 0, 436, 0, 0.979503, 0.0690603, -0.189223, 0.601177, -0.0748412, 0.996917, -0.0235689, 0.190742, 0.187012, 0.0372475, 0.981651, -0.309936, 739.244, 696.561, 507.691, 282.27
61, 835, 0, 0, 494, 0, 0.969951, 0.0793703, -0.229991, 0.550696, -0.0916532, 0.994853, -0.0432072, 0.179524, 0.225378, 0.0629883, 0.972233, -0.264897, 739.244, 696.561, 507.69, 282.27
54, 765, 0, 0, 353, 0, 0.984307, 0.0607939, -0.165663, 0.651279, -0.0654169, 0.997602, -0.0225891, 0.199997, 0.163892, 0.0330718, 0.985924, -0.287483, 739.244, 696.561, 507.69, 282.27
63, 864, 0, 0, 580, 0, 0.9643, 0.0707003, -0.255199, 0.492826, -0.0960058, 0.991475, -0.0880916, 0.164776, 0.246795, 0.109447, 0.962867, -0.214819, 739.244, 696.561, 507.69, 282.27
62, 845, 0, 0, 578, 0, 0.96844, 0.0786297, -0.236519, 0.52282, -0.0962442, 0.993307, -0.0638565, 0.172742, 0.229915, 0.0846047, 0.969526, -0.248369, 739.244, 696.561, 507.69, 282.27
65, 889, 0, 0, 475, 0, 0.950551, 0.0648584, -0.303722, 0.433643, -0.104505, 0.987719, -0.116143, 0.161175, 0.292459, 0.14214, 0.945655, -0.188305, 739.244, 696.561, 507.69, 282.27
35, 531, 0, 0, 338, 0, 0.983256, -0.0283432, 0.180013, 0.745718, 0.0633411, 0.979393, -0.191772, 0.0891026, -0.170868, 0.199963, 0.96479, -0.430362, 739.244, 696.561, 507.69, 282.27
66, 900, 0, 0, 800, 0, 0.95608, 0.0540691, -0.288076, 0.400931, -0.0962549, 0.986249, -0.134346, 0.156782, 0.276851, 0.156174, 0.948137, -0.177129, 739.244, 696.561, 507.69, 282.27
67, 907, 0, 0, 818, 23, 0.957562, 0.0423777, -0.285096, 0.385674, -0.0842407, 0.987091, -0.136217, 0.147821, 0.275643, 0.154453, 0.94877, -0.176984, 739.243, 696.561, 507.691, 282.27
69, 929, 0, 0, 385, 224, 0.957949, 0.0234901, -0.285976, 0.323968, -0.06191, 0.990089, -0.126057, 0.126329, 0.280181, 0.138461, 0.949909, -0.173508, 739.244, 696.561, 507.691, 282.27
47, 697, 0, 0, 302, 0, 0.993453, -0.0390109, 0.107376, 0.746509, 0.0336528, 0.998118, 0.0512688, 0.206459, -0.109174, -0.0473196, 0.992896, -0.314365, 739.244, 696.561, 507.691, 282.271
70, 940, 0, 0, 578, 82, 0.956501, 0.0364586, -0.289442, 0.299196, -0.0723186, 0.990824, -0.114181, 0.124448, 0.282623, 0.130146, 0.950361, -0.163332, 739.244, 696.561, 507.691, 282.271
71, 951, 0, 0, 592, 112, 0.944408, 0.0504335, -0.324884, 0.274127, -0.088276, 0.990777, -0.102806, 0.11884, 0.316703, 0.125771, 0.940149, -0.136877, 739.244, 696.561, 507.691, 282.27
73, 970, 0, 0, 431, 193, 0.922411, 0.0595854, -0.381586, 0.233851, -0.11007, 0.987609, -0.111857, 0.0990258, 0.370193, 0.145179, 0.91754, -0.0865987, 739.243, 696.561, 507.691, 282.27
74, 977, 0, 0, 411, 150, 0.913397, 0.0535642, -0.403531, 0.221457, -0.110084, 0.986871, -0.118181, 0.091364, 0.391903, 0.152369, 0.907301, -0.0663573, 739.243, 696.561, 507.69, 282.27
75, 985, 0, 0, 498, 91, 0.896236, 0.056703, -0.439938, 0.207596, -0.121906, 0.985092, -0.121379, 0.0857063, 0.426497, 0.162416, 0.889787, -0.051031, 739.244, 696.561, 507.69, 282.27
77, 1011, 0, 0, 388, 151, 0.849048, 0.0758289, -0.522846, 0.182072, -0.151632, 0.982985, -0.103671, 0.0861896, 0.506088, 0.167301, 0.8461, -0.0405361, 739.243, 696.561, 507.691, 282.27
76, 999, 0, 0, 618, 42, 0.869081, 0.070236, -0.489658, 0.192457, -0.143005, 0.983276, -0.112775, 0.088808, 0.473548, 0.168034, 0.86459, -0.0454872, 739.243, 696.561, 507.691, 282.27
78, 1016, 0, 0, 537, 14, 0.842012, 0.0809668, -0.533348, 0.179447, -0.157983, 0.982336, -0.100286, 0.0874497, 0.515807, 0.168702, 0.83993, -0.0493485, 739.243, 696.561, 507.691, 282.27
