2, 504, 0, 0, 442, 94, 0.999964, 0.00494668, 0.00695874, -0.0274489, -0.00441113, 0.997176, -0.0749755, -0.0262121, -0.00730997, 0.0749421, 0.997161, -0.0163814, 521.574, 869.182, 512.97, 351.443
0, 526, 0, 0, 968, 0, 1, -4.73875e-05, -3.25995e-05, 1.38696e-05, 4.73841e-05, 1, -0.00010594, -1.30138e-05, 3.26045e-05, 0.000105938, 1, -8.17451e-05, 521.574, 869.182, 512.971, 351.443
1, 518, 0, 0, 667, 2, 0.999999, -0.000271462, -0.00122508, -0.0161241, 0.00023666, 0.999599, -0.0283195, -0.00838589, 0.00123228, 0.0283192, 0.999598, -0.00920238, 521.574, 869.182, 512.971, 351.443
3, 496, 0, 0, 402, 1, 0.999976, 0.00589875, 0.00375003, -0.0276093, -0.00546899, 0.994374, -0.105788, -0.0426526, -0.00435295, 0.105765, 0.994382, -0.0261407, 521.574, 869.182, 512.97, 351.443
4, 490, 0, 0, 271, 0, 0.999924, 0.0105966, -0.00630348, -0.0299508, -0.0113414, 0.991042, -0.133068, -0.055431, 0.00483694, 0.13313, 0.991087, -0.0334644, 521.574, 869.182, 512.97, 351.443
5, 485, 0, 0, 362, 0, 0.999747, 0.00713529, -0.0213317, -0.0284981, -0.0105751, 0.986107, -0.165777, -0.0767725, 0.0198525, 0.165961, 0.985933, -0.0422813, 521.574, 869.182, 512.97, 351.443
7, 476, 0, 0, 221, 0, 0.99906, 0.0163541, -0.0401566, -0.0178316, -0.0244212, 0.977508, -0.209478, -0.110383, 0.0358276, 0.210262, 0.976988, -0.0492801, 521.574, 869.182, 512.97, 351.443
9, 469, 0, 0, 292, 0, 0.99989, -0.0100992, -0.0108809, -0.0251707, 0.00668455, 0.960722, -0.277432, -0.155841, 0.0132553, 0.277329, 0.960684, -0.0476417, 521.574, 869.182, 512.97, 351.443
6, 480, 0, 0, 266, 0, 0.999126, 0.0220042, -0.0355458, -0.0223615, -0.0282288, 0.982257, -0.185404, -0.0951189, 0.0308355, 0.186245, 0.982019, -0.0472175, 521.574, 869.182, 512.97, 351.443
11, 459, 0, 0, 204, 0, 0.999467, -0.0203764, 0.0255106, -0.0287238, 0.0276222, 0.944291, -0.327951, -0.206463, -0.017407, 0.328481, 0.94435, -0.0513725, 521.574, 869.182, 512.971, 351.443
12, 453, 0, 0, 431, 0, 0.999189, -0.0233711, 0.032796, -0.0303282, 0.0337942, 0.929527, -0.367201, -0.228907, -0.0219029, 0.368011, 0.929563, -0.0741288, 521.574, 869.182, 512.971, 351.443
14, 440, 0, 0, 443, 0, 0.99764, -0.0562766, 0.0393314, -0.0312443, 0.0680744, 0.885338, -0.459937, -0.27353, -0.00893794, 0.461529, 0.88708, -0.14529, 521.574, 869.182, 512.971, 351.443
10, 464, 0, 0, 346, 0, 0.999855, -0.0143253, 0.00916351, -0.0250493, 0.0164406, 0.952027, -0.305573, -0.182811, -0.00434648, 0.305679, 0.952125, -0.0517187, 521.574, 869.182, 512.971, 351.443
17, 423, 0, 0, 522, 0, 0.997501, -0.0603285, 0.0367609, -0.0217893, 0.0706372, 0.843398, -0.532626, -0.338065, 0.00112854, 0.533892, 0.845552, -0.243391, 521.574, 869.182, 512.971, 351.443
15, 436, 0, 0, 350, 0, 0.997575, -0.0572065, 0.0396308, -0.031894, 0.0693301, 0.866378, -0.494553, -0.297152, -0.00604356, 0.496101, 0.868244, -0.167062, 521.574, 869.182, 512.971, 351.443
18, 421, 0, 0, 477, 0, 0.996517, -0.0749096, 0.0366493, -0.0179626, 0.082716, 0.831909, -0.548713, -0.343741, 0.010615, 0.549833, 0.835207, -0.255484, 521.574, 869.183, 512.971, 351.443
8, 472, 0, 0, 224, 0, 0.999384, -0.000791893, -0.0350927, -0.0143559, -0.00802729, 0.968096, -0.25045, -0.130054, 0.0341714, 0.250578, 0.967493, -0.0530284, 521.574, 869.182, 512.971, 351.443
20, 409, 0, 0, 441, 0, 0.993681, -0.104375, 0.0412768, 0.0124482, 0.108129, 0.791572, -0.601433, -0.386919, 0.0301009, 0.602095, 0.797856, -0.340652, 521.574, 869.183, 512.971, 351.443
22, 398, 0, 0, 627, 0, 0.989896, -0.115416, 0.0823759, 0.00712725, 0.141338, 0.756373, -0.638689, -0.428095, 0.011408, 0.643879, 0.765043, -0.35573, 521.574, 869.182, 512.971, 351.443
23, 390, 0, 0, 502, 0, 0.987859, -0.134557, 0.0776485, 0.0200853, 0.152618, 0.747171, -0.646872, -0.450601, 0.0290242, 0.650869, 0.758635, -0.349783, 521.574, 869.182, 512.97, 351.443
13, 446, 0, 0, 390, 0, 0.998535, -0.0416708, 0.0345264, -0.0266373, 0.0520526, 0.914079, -0.402182, -0.257184, -0.0148006, 0.40339, 0.914909, -0.108335, 521.574, 869.182, 512.97, 351.443
21, 404, 0, 0, 397, 0, 0.991958, -0.108775, 0.0647127, 0.0103703, 0.125277, 0.770931, -0.624477, -0.40399, 0.0180382, 0.627562, 0.778358, -0.351482, 521.574, 869.182, 512.97, 351.443
25, 373, 0, 0, 470, 1, 0.990441, -0.137905, 0.00308955, 0.0951365, 0.105656, 0.744049, -0.659717, -0.461937, 0.0886796, 0.653737, 0.751507, -0.348198, 521.574, 869.182, 512.97, 351.443
27, 358, 0, 0, 277, 1, 0.983363, -0.150814, -0.101253, 0.192853, 0.0411375, 0.727817, -0.684536, -0.465502, 0.176931, 0.668983, 0.721913, -0.337247, 521.574, 869.182, 512.97, 351.443
19, 415, 0, 0, 442, 0, 0.995824, -0.0840928, 0.0355264, -0.00263169, 0.0892349, 0.814584, -0.57314, -0.363646, 0.0192577, 0.573917, 0.818687, -0.300305, 521.574, 869.182, 512.97, 351.443
29, 344, 0, 0, 238, 0, 0.986252, -0.15053, -0.0681738, 0.184366, 0.0636473, 0.726759, -0.683938, -0.485456, 0.152499, 0.670196, 0.726348, -0.323307, 521.574, 869.183, 512.97, 351.443
30, 339, 0, 0, 228, 1, 0.988189, -0.15253, -0.0147407, 0.143754, 0.102209, 0.727719, -0.678217, -0.490473, 0.114175, 0.6687, 0.734714, -0.324983, 521.574, 869.183, 512.97, 351.443
31, 334, 0, 0, 184, 3, 0.987333, -0.158638, -0.0028481, 0.134657, 0.115658, 0.731888, -0.671538, -0.497177, 0.108616, 0.662702, 0.740965, -0.328649, 521.574, 869.183, 512.97, 351.443
32, 326, 0, 0, 252, 2, 0.987372, -0.15837, 0.0038319, 0.114711, 0.122298, 0.746658, -0.653869, -0.492655, 0.100692, 0.646081, 0.756598, -0.34891, 521.574, 869.183, 512.97, 351.443
26, 364, 0, 0, 444, 0, 0.987966, -0.146893, -0.0484345, 0.149562, 0.0761511, 0.734511, -0.67431, -0.467187, 0.134627, 0.662507, 0.736858, -0.342611, 521.574, 869.183, 512.97, 351.443
34, 312, 0, 0, 431, 0, 0.984125, -0.175621, 0.0255905, 0.0737028, 0.150953, 0.752476, -0.641087, -0.46154, 0.0933324, 0.634773, 0.767041, -0.396169, 521.574, 869.182, 512.971, 351.443
35, 309, 0, 0, 334, 0, 0.982394, -0.185294, 0.0238307, 0.0700063, 0.156751, 0.74814, -0.64476, -0.457832, 0.101642, 0.637144, 0.764013, -0.402393, 521.574, 869.182, 512.971, 351.443
36, 306, 0, 0, 216, 0, 0.980941, -0.194294, 0.00196062, 0.0650943, 0.148508, 0.743193, -0.652388, -0.456006, 0.125298, 0.640245, 0.757883, -0.405724, 521.574, 869.182, 512.971, 351.443
37, 294, 0, 0, 574, 0, 0.983284, -0.169484, 0.0665455, 0.0638678, 0.171418, 0.738445, -0.652162, -0.45479, 0.0613906, 0.652667, 0.755153, -0.401828, 521.574, 869.183, 512.97, 351.443
38, 289, 0, 0, 377, 0, 0.985646, -0.162022, 0.0474484, 0.0595024, 0.152833, 0.736902, -0.658496, -0.453614, 0.0717261, 0.656296, 0.751087, -0.401969, 521.574, 869.183, 512.971, 351.443
39, 283, 0, 0, 269, 0, 0.987971, -0.153843, 0.0156843, 0.0552742, 0.124751, 0.732961, -0.668735, -0.457873, 0.0913845, 0.662647, 0.743336, -0.395911, 521.574, 869.183, 512.971, 351.443
16, 428, 0, 0, 268, 0, 0.997019, -0.0684485, 0.0356071, -0.0245959, 0.0769888, 0.852211, -0.517503, -0.327254, 0.00507754, 0.518702, 0.85494, -0.204014, 521.574, 869.182, 512.971, 351.443
41, 265, 0, 0, 260, 0, 0.985868, -0.166858, 0.0149003, 0.0562729, 0.134864, 0.737771, -0.661442, -0.475054, 0.0993738, 0.654105, 0.749848, -0.374486, 521.574, 869.182, 512.971, 351.443
42, 257, 0, 0, 305, 0, 0.986932, -0.159518, -0.0227724, 0.0608643, 0.107609, 0.757667, -0.643709, -0.486752, 0.119937, 0.632846, 0.764932, -0.359513, 521.574, 869.182, 512.971, 351.443
43, 252, 0, 0, 312, 0, 0.986553, -0.158403, -0.0402702, 0.0623642, 0.099433, 0.777235, -0.621305, -0.492865, 0.129716, 0.608946, 0.782534, -0.351413, 521.574, 869.182, 512.971, 351.443
44, 245, 0, 0, 389, 0, 0.985963, -0.151297, -0.0706172, 0.0639238, 0.0824323, 0.808898, -0.582141, -0.499388, 0.145199, 0.568148, 0.810015, -0.344831, 521.574, 869.182, 512.971, 351.443
45, 240, 0, 0, 248, 0, 0.98399, -0.149667, -0.0967692, 0.0661268, 0.0725833, 0.832412, -0.549383, -0.504144, 0.162776, 0.533563, 0.829948, -0.338063, 521.574, 869.182, 512.971, 351.443
40, 279, 0, 0, 124, 0, 0.98596, -0.164868, 0.0264695, 0.0531544, 0.139531, 0.726394, -0.672966, -0.45988, 0.0917236, 0.667211, 0.739199, -0.39208, 521.574, 869.182, 512.971, 351.443
28, 352, 0, 0, 99, 0, 0.98144, -0.151263, -0.117878, 0.213824, 0.0284082, 0.72258, -0.690703, -0.47059, 0.189654, 0.674535, 0.713466, -0.329056, 521.574, 869.183, 512.971, 351.443
33, 320, 0, 0, 220, 0, 0.988417, -0.15161, 0.0067281, 0.0930494, 0.120727, 0.758664, -0.640198, -0.479264, 0.0919562, 0.633595, 0.76818, -0.371543, 521.574, 869.183, 512.971, 351.443
24, 383, 0, 0, 508, 0, 0.988792, -0.137752, 0.0575671, 0.0482377, 0.141971, 0.748254, -0.648044, -0.460864, 0.0461947, 0.648953, 0.759425, -0.349993, 521.574, 869.183, 512.971, 351.443
47, 232, 0, 0, 215, 0, 0.977943, -0.139069, -0.155844, 0.0690547, 0.0577334, 0.897028, -0.438186, -0.511823, 0.200734, 0.419524, 0.885272, -0.328778, 521.574, 869.182, 512.971, 351.443
49, 224, 0, 0, 431, 0, 0.972512, -0.0888388, -0.215239, 0.078021, 0.0193813, 0.952034, -0.305377, -0.519741, 0.232044, 0.292811, 0.927587, -0.31128, 521.574, 869.182, 512.971, 351.443
50, 220, 0, 0, 505, 0, 0.968498, -0.070243, -0.238909, 0.0822664, 0.011139, 0.970652, -0.240231, -0.523728, 0.248772, 0.230002, 0.940857, -0.302599, 521.574, 869.183, 512.971, 351.443
53, 196, 0, 0, 438, 0, 0.952635, -0.0311427, -0.302516, 0.09604, -0.0159201, 0.988272, -0.151871, -0.529361, 0.303698, 0.149494, 0.940967, -0.285464, 521.574, 869.182, 512.971, 351.443
46, 236, 0, 0, 170, 0, 0.981466, -0.150823, -0.118225, 0.0670655, 0.07249, 0.86327, -0.49951, -0.507978, 0.177397, 0.481682, 0.858203, -0.333771, 521.574, 869.182, 512.97, 351.443
55, 181, 0, 0, 270, 6, 0.9528, -0.00204175, -0.303593, 0.0984021, -0.0106362, 0.999139, -0.0401002, -0.530594, 0.303414, 0.0414365, 0.951958, -0.278233, 521.574, 869.182, 512.97, 351.442
54, 188, 0, 0, 286, 1, 0.953651, -0.021383, -0.300155, 0.0966851, -0.0135561, 0.993407, -0.113841, -0.530211, 0.30061, 0.112633, 0.947073, -0.282249, 521.574, 869.182, 512.97, 351.442
58, 153, 0, 0, 155, 5, 0.970449, 0.0266243, -0.239835, 0.0972893, -0.00159943, 0.994582, 0.103938, -0.529556, 0.241303, -0.100483, 0.965234, -0.270589, 521.574, 869.183, 512.97, 351.442
56, 177, 0, 0, 298, 0, 0.953909, 0.0171278, -0.299607, 0.0983383, -0.0138538, 0.999819, 0.0130486, -0.53077, 0.299776, -0.00829651, 0.953973, -0.275371, 521.574, 869.183, 512.971, 351.443
60, 135, 0, 0, 353, 4, 0.967753, 0.00755735, -0.251789, 0.0942876, 0.0351268, 0.985735, 0.164596, -0.528637, 0.249442, -0.168133, 0.953682, -0.285655, 521.574, 869.182, 512.971, 351.443
59, 144, 0, 0, 361, 0, 0.972608, 0.0246386, -0.23114, 0.0970323, 0.0133604, 0.986797, 0.161407, -0.528662, 0.232066, -0.160074, 0.959438, -0.275956, 521.574, 869.182, 512.97, 351.443
51, 216, 0, 0, 308, 0, 0.963684, -0.060406, -0.260122, 0.0863558, 0.0120417, 0.982919, -0.183644, -0.526592, 0.266772, 0.173842, 0.947951, -0.295606, 521.574, 869.182, 512.971, 351.443
61, 126, 0, 0, 552, 0, 0.966088, -0.00926791, -0.258046, 0.0920289, 0.0531966, 0.985061, 0.163781, -0.529146, 0.252674, -0.171954, 0.952149, -0.298367, 521.574, 869.182, 512.97, 351.443
62, 117, 0, 0, 458, 1, 0.965531, -0.00672604, -0.2602, 0.0927573, 0.0491466, 0.986395, 0.156872, -0.528861, 0.255605, -0.164253, 0.952726, -0.310242, 521.574, 869.182, 512.97, 351.443
63, 108, 0, 0, 480, 1, 0.964699, -0.0428487, -0.259844, 0.0968021, 0.0842381, 0.985044, 0.150308, -0.527874, 0.249518, -0.16689, 0.953881, -0.321503, 521.574, 869.182, 512.97, 351.443
65, 86, 0, 0, 473, 3, 0.976878, -0.0807359, -0.197967, 0.0908828, 0.108581, 0.985002, 0.134091, -0.529075, 0.184172, -0.152486, 0.970994, -0.342557, 521.574, 869.182, 512.97, 351.443
52, 203, 0, 0, 430, 0, 0.953519, -0.0415023, -0.29846, 0.0954109, -0.00487449, 0.988216, -0.152989, -0.529705, 0.301292, 0.147333, 0.942081, -0.287637, 521.574, 869.182, 512.97, 351.443
66, 79, 0, 0, 536, 2, 0.979779, -0.105637, -0.169923, 0.0866826, 0.129047, 0.982652, 0.133196, -0.52925, 0.152905, -0.152431, 0.976414, -0.350458, 521.574, 869.182, 512.97, 351.443
67, 73, 0, 0, 574, 10, 0.978165, -0.136994, -0.156287, 0.0797638, 0.158946, 0.977613, 0.137876, -0.530758, 0.1339, -0.159706, 0.978041, -0.360812, 521.574, 869.182, 512.97, 351.443
68, 66, 0, 0, 451, 12, 0.978121, -0.159903, -0.133082, 0.0737594, 0.178396, 0.973786, 0.141122, -0.531584, 0.107028, -0.161776, 0.981006, -0.372191, 521.574, 869.182, 512.971, 351.443
70, 47, 0, 0, 453, 42, 0.98311, -0.155094, -0.0971628, 0.065901, 0.166139, 0.978973, 0.118362, -0.530026, 0.0767626, -0.132506, 0.988205, -0.399125, 521.574, 869.182, 512.971, 351.443
48, 228, 0, 0, 310, 0, 0.972995, -0.114879, -0.200206, 0.0772474, 0.0328749, 0.927481, -0.372423, -0.516241, 0.228471, 0.355784, 0.906211, -0.321138, 521.573, 869.182, 512.971, 351.443
