1, 15, 0, 0, 580, 64, 0.999977, 0.00358286, 0.00570644, -0.0150022, -0.00364906, 0.999926, 0.0116315, -0.0165438, -0.00566434, -0.0116521, 0.999916, 0.0088726, 521.575, 695.074, 512.971, 281.045
3, 27, 0, 0, 306, 395, 0.99917, 0.0302583, 0.0272543, -0.0664501, -0.0310412, 0.999104, 0.0287773, -0.0509243, -0.0263591, -0.0295995, 0.999214, 0.0519746, 521.575, 695.074, 512.971, 281.045
4, 31, 0, 0, 330, 360, 0.998805, 0.0268106, 0.0408594, -0.0854906, -0.0283204, 0.99892, 0.0368313, -0.0650678, -0.0398278, -0.0379445, 0.998486, 0.0801168, 521.575, 695.074, 512.971, 281.045
6, 38, 0, 0, 271, 339, 0.996737, 0.0270355, 0.0760575, -0.118605, -0.0303893, 0.9986, 0.0432886, -0.0962972, -0.0747807, -0.0454587, 0.996163, 0.141884, 521.575, 695.074, 512.971, 281.045
2, 22, 0, 0, 667, 49, 0.999424, 0.029862, 0.0161427, -0.0434251, -0.0301704, 0.99936, 0.0192143, -0.036079, -0.0155586, -0.0196902, 0.999685, 0.0277948, 521.575, 695.074, 512.971, 281.045
8, 46, 0, 0, 371, 247, 0.990547, 0.0179761, 0.135992, -0.154524, -0.0246927, 0.998549, 0.0478653, -0.128741, -0.134934, -0.0507709, 0.989553, 0.211141, 521.575, 695.074, 512.971, 281.044
9, 50, 0, 0, 411, 175, 0.985968, 0.0174592, 0.166021, -0.169263, -0.0261142, 0.998403, 0.0500928, -0.140846, -0.164882, -0.0537254, 0.984849, 0.243661, 521.575, 695.074, 512.971, 281.044
10, 54, 0, 0, 438, 128, 0.980839, 0.0168028, 0.194094, -0.18805, -0.0280734, 0.998066, 0.0554641, -0.152978, -0.192786, -0.0598502, 0.979414, 0.279011, 521.575, 695.074, 512.971, 281.045
12, 61, 0, 0, 424, 125, 0.970043, 0.0220274, 0.241933, -0.225896, -0.0374938, 0.997523, 0.0595111, -0.17113, -0.240023, -0.0667993, 0.968466, 0.34326, 521.575, 695.074, 512.971, 281.045
5, 34, 0, 0, 594, 10, 0.998245, 0.0254642, 0.0534625, -0.0998587, -0.0275956, 0.998838, 0.0395156, -0.0764187, -0.0523941, -0.0409216, 0.997788, 0.103662, 521.575, 695.074, 512.971, 281.045
13, 64, 0, 0, 442, 46, 0.966755, 0.0232498, 0.254645, -0.240265, -0.0401462, 0.997308, 0.0613575, -0.177803, -0.252533, -0.0695407, 0.965086, 0.37108, 521.575, 695.074, 512.971, 281.045
14, 67, 0, 0, 396, 40, 0.963508, 0.0134203, 0.267344, -0.254114, -0.0311322, 0.997583, 0.062123, -0.183015, -0.265864, -0.068179, 0.961597, 0.398776, 521.575, 695.074, 512.971, 281.045
0, 0, 0, 0, 728, 0, 1, -2.85182e-06, 7.46149e-05, -0.000138159, 2.85559e-06, 1, -5.05542e-05, 0.000135236, -7.46148e-05, 5.05545e-05, 1, -0.00010807, 521.575, 695.074, 512.971, 281.045
16, 75, 0, 0, 526, 57, 0.955177, 0.0100515, 0.295864, -0.281625, -0.0291876, 0.997751, 0.0603333, -0.192049, -0.294592, -0.0662645, 0.953323, 0.465083, 521.575, 695.074, 512.971, 281.045
17, 79, 0, 0, 581, 57, 0.951541, 0.0100197, 0.307359, -0.284569, -0.0294943, 0.997835, 0.0587813, -0.19448, -0.306105, -0.0649981, 0.949776, 0.491444, 521.575, 695.074, 512.971, 281.044
19, 90, 0, 0, 471, 102, 0.948755, 0.004876, 0.315975, -0.268931, -0.0208054, 0.998675, 0.0470596, -0.1986, -0.315327, -0.051222, 0.9476, 0.537149, 521.575, 695.074, 512.971, 281.045
20, 96, 0, 0, 390, 100, 0.946593, 0.000544382, 0.32243, -0.263042, -0.00802974, 0.999728, 0.0218858, -0.205759, -0.322331, -0.023306, 0.94634, 0.545959, 521.575, 695.074, 512.971, 281.045
21, 100, 0, 0, 444, 96, 0.946446, 0.00795075, 0.322763, -0.261422, -0.00628614, 0.999961, -0.00619941, -0.211093, -0.3228, 0.00383847, 0.946459, 0.547577, 521.575, 695.074, 512.971, 281.045
22, 104, 0, 0, 421, 38, 0.944575, 0.0225797, 0.327518, -0.265458, -0.0115618, 0.999301, -0.035549, -0.215535, -0.328091, 0.029792, 0.944176, 0.543468, 521.575, 695.074, 512.971, 281.045
23, 107, 0, 0, 452, 9, 0.94363, 0.0370849, 0.328918, -0.269637, -0.0195305, 0.998211, -0.0565157, -0.218871, -0.330425, 0.046906, 0.942666, 0.541785, 521.575, 695.074, 512.971, 281.045
24, 111, 0, 0, 360, 0, 0.943808, 0.0584903, 0.325278, -0.27788, -0.0306679, 0.995468, -0.0900172, -0.222986, -0.329069, 0.0749833, 0.941324, 0.537116, 521.575, 695.074, 512.971, 281.045
25, 116, 0, 0, 338, 0, 0.945332, 0.0797619, 0.316206, -0.28756, -0.0372862, 0.989705, -0.138179, -0.227127, -0.323972, 0.118834, 0.938574, 0.530286, 521.575, 695.074, 512.971, 281.045
26, 120, 0, 0, 303, 0, 0.943791, 0.101372, 0.314613, -0.294874, -0.0468112, 0.983209, -0.176376, -0.231371, -0.32721, 0.151735, 0.93269, 0.525558, 521.575, 695.074, 512.971, 281.045
7, 42, 0, 0, 573, 0, 0.994389, 0.0188924, 0.10408, -0.136101, -0.0236119, 0.998739, 0.0443001, -0.112697, -0.103112, -0.046509, 0.993582, 0.177394, 521.575, 695.074, 512.971, 281.045
11, 57, 0, 0, 480, 0, 0.975406, 0.013579, 0.219997, -0.206839, -0.0273235, 0.997851, 0.0595543, -0.163356, -0.218715, -0.0641007, 0.973681, 0.307419, 521.575, 695.074, 512.971, 281.045
15, 71, 0, 0, 571, 0, 0.961063, 0.00659543, 0.276251, -0.267917, -0.0244015, 0.997835, 0.0610684, -0.188749, -0.27525, -0.0654315, 0.959143, 0.433172, 521.575, 695.074, 512.971, 281.045
18, 84, 0, 0, 542, 0, 0.950746, 0.00909459, 0.309836, -0.277357, -0.026121, 0.998365, 0.0508487, -0.196375, -0.308867, -0.0564375, 0.949429, 0.512712, 521.575, 695.074, 512.971, 281.045
29, 136, 0, 0, 111, 0, 0.922413, 0.140098, 0.359898, -0.327105, -0.0681997, 0.976328, -0.205261, -0.249737, -0.380135, 0.164791, 0.910132, 0.531102, 521.575, 695.074, 512.972, 281.045
32, 152, 0, 0, 441, 1, 0.912021, 0.144751, 0.383751, -0.350781, -0.0654936, 0.975043, -0.212134, -0.259313, -0.404881, 0.168337, 0.89874, 0.526102, 521.575, 695.074, 512.971, 281.045
33, 155, 0, 0, 472, 0, 0.909524, 0.155364, 0.385522, -0.354171, -0.0682094, 0.97073, -0.230282, -0.263124, -0.410016, 0.183151, 0.8935, 0.525663, 521.575, 695.074, 512.971, 281.045
34, 158, 0, 0, 382, 4, 0.908373, 0.154556, 0.388549, -0.358607, -0.0572809, 0.966419, -0.250506, -0.264446, -0.414219, 0.205296, 0.886722, 0.52535, 521.575, 695.074, 512.971, 281.045
35, 165, 0, 0, 271, 0, 0.910869, 0.138569, 0.388736, -0.363914, -0.031183, 0.962362, -0.269976, -0.265208, -0.411515, 0.233791, 0.880907, 0.525173, 521.575, 695.074, 512.971, 281.045
36, 171, 0, 0, 313, 0, 0.910513, 0.164765, 0.379233, -0.366693, -0.0516058, 0.955287, -0.291141, -0.266244, -0.410247, 0.245517, 0.878305, 0.524449, 521.575, 695.074, 512.971, 281.045
28, 129, 0, 0, 286, 0, 0.931797, 0.133645, 0.337481, -0.316361, -0.0558275, 0.971455, -0.230562, -0.240221, -0.358661, 0.195996, 0.91266, 0.524401, 521.575, 695.074, 512.971, 281.045
38, 179, 0, 0, 378, 0, 0.904559, 0.192018, 0.380661, -0.377514, -0.050537, 0.934834, -0.351471, -0.265684, -0.423343, 0.298689, 0.855316, 0.518222, 521.575, 695.074, 512.971, 281.045
31, 148, 0, 0, 441, 0, 0.910259, 0.124061, 0.395015, -0.35249, -0.0549886, 0.981826, -0.181644, -0.261486, -0.410371, 0.143622, 0.900538, 0.53033, 521.575, 695.074, 512.971, 281.045
39, 184, 0, 0, 205, 0, 0.898887, 0.208483, 0.385405, -0.383835, -0.0480524, 0.921154, -0.38622, -0.266374, -0.435538, 0.328648, 0.838032, 0.516223, 521.575, 695.074, 512.971, 281.045
41, 200, 0, 0, 203, 0, 0.895575, 0.202559, 0.396124, -0.385553, -0.0699964, 0.943408, -0.324163, -0.25082, -0.439369, 0.262585, 0.859072, 0.510617, 521.575, 695.074, 512.971, 281.044
40, 195, 0, 0, 389, 0, 0.89292, 0.210169, 0.398149, -0.384608, -0.0589345, 0.931307, -0.359434, -0.258354, -0.446342, 0.297481, 0.843969, 0.513897, 521.575, 695.074, 512.971, 281.044
43, 208, 0, 0, 272, 0, 0.903512, 0.178397, 0.389667, -0.382275, -0.103305, 0.97309, -0.20597, -0.235851, -0.415925, 0.145842, 0.897628, 0.503461, 521.575, 695.074, 512.971, 281.044
42, 204, 0, 0, 241, 0, 0.901076, 0.195279, 0.387205, -0.381954, -0.0877522, 0.956511, -0.278185, -0.24273, -0.42469, 0.216688, 0.879025, 0.506732, 521.575, 695.074, 512.971, 281.045
45, 217, 0, 0, 485, 1, 0.913276, 0.134135, 0.384622, -0.381252, -0.108814, 0.99025, -0.0869683, -0.217573, -0.392538, 0.0375738, 0.918968, 0.492738, 521.575, 695.074, 512.971, 281.045
27, 123, 0, 0, 346, 0, 0.939671, 0.118841, 0.320774, -0.301971, -0.05653, 0.978769, -0.197019, -0.236917, -0.337377, 0.166999, 0.926438, 0.522963, 521.575, 695.074, 512.971, 281.045
30, 140, 0, 0, 268, 0, 0.909955, 0.121638, 0.396468, -0.339948, -0.066086, 0.986332, -0.150934, -0.256392, -0.409409, 0.111142, 0.905556, 0.535928, 521.575, 695.074, 512.971, 281.045
47, 226, 0, 0, 585, 0, 0.90414, 0.121009, 0.409741, -0.38429, -0.116429, 0.992539, -0.0362146, -0.199439, -0.411066, -0.0149625, 0.911483, 0.482215, 521.575, 695.074, 512.971, 281.045
37, 174, 0, 0, 292, 0, 0.907486, 0.175343, 0.381737, -0.371784, -0.0544433, 0.950149, -0.307006, -0.267618, -0.416539, 0.257821, 0.871794, 0.523691, 521.575, 695.074, 512.971, 281.044
48, 230, 0, 0, 540, 0, 0.891736, 0.12002, 0.43635, -0.388721, -0.125599, 0.991949, -0.0161622, -0.191285, -0.434777, -0.0403926, 0.899632, 0.479042, 521.575, 695.074, 512.971, 281.044
49, 233, 0, 0, 616, 0, 0.8879, 0.114496, 0.445561, -0.388909, -0.128039, 0.991769, 0.000296873, -0.185824, -0.44186, -0.0573129, 0.895252, 0.473695, 521.575, 695.074, 512.971, 281.044
51, 241, 0, 0, 345, 0, 0.89202, 0.0934122, 0.442237, -0.388732, -0.131653, 0.989684, 0.056504, -0.169069, -0.432397, -0.108624, 0.895116, 0.449042, 521.575, 695.074, 512.971, 281.044
53, 249, 0, 0, 289, 0, 0.894434, 0.0850731, 0.439033, -0.389932, -0.152646, 0.980855, 0.12092, -0.14852, -0.420341, -0.175172, 0.890297, 0.437479, 521.575, 695.074, 512.971, 281.045
46, 221, 0, 0, 536, 0, 0.911468, 0.122483, 0.392714, -0.381698, -0.105375, 0.992311, -0.0649195, -0.208064, -0.397646, 0.0177898, 0.917366, 0.489108, 521.575, 695.074, 512.971, 281.045
44, 212, 0, 0, 398, 0, 0.908941, 0.156783, 0.386324, -0.380979, -0.109149, 0.983767, -0.14244, -0.226647, -0.402385, 0.0873027, 0.911298, 0.498952, 521.575, 695.074, 512.971, 281.045
55, 257, 0, 0, 331, 0, 0.903812, 0.0452026, 0.425536, -0.390235, -0.140509, 0.970621, 0.195327, -0.132954, -0.404205, -0.236331, 0.88361, 0.430863, 521.575, 695.074, 512.971, 281.045
56, 261, 0, 0, 304, 0, 0.907068, 0.0294011, 0.419957, -0.391061, -0.132631, 0.966716, 0.218791, -0.124915, -0.399546, -0.254157, 0.880776, 0.42598, 521.575, 695.074, 512.971, 281.045
57, 265, 0, 0, 298, 0, 0.907396, 0.0167884, 0.41994, -0.392866, -0.131444, 0.960411, 0.245626, -0.118143, -0.399192, -0.278079, 0.873681, 0.422675, 521.575, 695.074, 512.971, 281.045
50, 237, 0, 0, 468, 0, 0.887797, 0.104576, 0.448196, -0.388667, -0.130041, 0.991159, 0.0263251, -0.177955, -0.44148, -0.0816553, 0.893548, 0.461886, 521.575, 695.074, 512.971, 281.044
52, 245, 0, 0, 247, 0, 0.892426, 0.0902286, 0.442081, -0.389129, -0.14319, 0.985788, 0.0878578, -0.159016, -0.427871, -0.141708, 0.892662, 0.442075, 521.575, 695.074, 512.971, 281.044
60, 276, 0, 0, 318, 0, 0.911083, -0.0191493, 0.411777, -0.394857, -0.116872, 0.945933, 0.302576, -0.0923369, -0.395308, -0.323797, 0.859585, 0.410021, 521.575, 695.074, 512.971, 281.044
61, 279, 0, 0, 286, 0, 0.909709, -0.0401062, 0.413306, -0.394487, -0.118386, 0.928968, 0.350719, -0.0858933, -0.398014, -0.367982, 0.840342, 0.409442, 521.575, 695.074, 512.971, 281.044
54, 253, 0, 0, 270, 0, 0.899385, 0.0636855, 0.432493, -0.389768, -0.14731, 0.975621, 0.162675, -0.140522, -0.411589, -0.210018, 0.886841, 0.434422, 521.575, 695.074, 512.971, 281.044
63, 287, 0, 0, 365, 0, 0.911852, -0.0816361, 0.40232, -0.393403, -0.123081, 0.880576, 0.457643, -0.0764026, -0.391634, -0.46682, 0.792907, 0.400827, 521.575, 695.074, 512.971, 281.044
64, 291, 0, 0, 338, 0, 0.912259, -0.102239, 0.39665, -0.393669, -0.120687, 0.858276, 0.498796, -0.0725164, -0.391431, -0.502901, 0.770631, 0.395345, 521.575, 695.074, 512.971, 281.045
58, 269, 0, 0, 258, 0, 0.913669, -0.00831265, 0.406375, -0.392474, -0.11239, 0.955643, 0.272239, -0.112822, -0.390612, -0.294409, 0.872207, 0.41632, 521.575, 695.074, 512.971, 281.044
59, 273, 0, 0, 235, 0, 0.912187, -0.0138305, 0.40954, -0.394302, -0.114876, 0.950723, 0.287975, -0.103949, -0.393342, -0.309733, 0.865649, 0.413545, 521.575, 695.074, 512.971, 281.044
66, 299, 0, 0, 402, 0, 0.913576, -0.122217, 0.38787, -0.395508, -0.127029, 0.820285, 0.557671, -0.0616455, -0.38632, -0.558745, 0.733867, 0.388348, 521.575, 695.074, 512.971, 281.044
68, 308, 0, 0, 422, 0, 0.911455, -0.151215, 0.382601, -0.395525, -0.125746, 0.783091, 0.609062, -0.0492113, -0.391711, -0.603244, 0.694737, 0.38193, 521.575, 695.074, 512.971, 281.044
69, 313, 0, 0, 356, 0, 0.908537, -0.175147, 0.379321, -0.397506, -0.119984, 0.760272, 0.638428, -0.0440661, -0.400206, -0.625548, 0.66972, 0.377742, 521.575, 695.074, 512.971, 281.045
70, 317, 0, 0, 435, 0, 0.907398, -0.184934, 0.377396, -0.400638, -0.123271, 0.741369, 0.659679, -0.0417239, -0.401787, -0.645114, 0.649919, 0.372239, 521.575, 695.074, 512.971, 281.045
