1, 1814, 0, 0, 488, 78, 0.999854, 0.00803907, -0.0150483, 0.0121958, -0.00801332, 0.999966, 0.00177114, 0.00614116, 0.0150621, -0.00165029, 0.999885, 0.00503249, 739.244, 696.56, 507.692, 282.272
2, 1808, 0, 0, 343, 124, 0.999223, 0.0167909, -0.0356513, 0.0245401, -0.016653, 0.999853, 0.00416273, 0.0133785, 0.0357159, -0.00356579, 0.999356, -0.000738853, 739.244, 696.56, 507.692, 282.272
3, 1797, 0, 0, 289, 178, 0.99761, 0.0181828, -0.0666557, 0.048879, -0.0177883, 0.999821, 0.00650786, 0.0257852, 0.0667621, -0.00530662, 0.997755, -0.020255, 739.244, 696.561, 507.692, 282.272
6, 1752, 0, 0, 158, 269, 0.996063, 0.016642, -0.0870732, 0.177567, -0.0140354, 0.999437, 0.0304625, 0.0524993, 0.0875312, -0.0291205, 0.995736, -0.145341, 739.244, 696.561, 507.692, 282.272
7, 1740, 0, 0, 188, 267, 0.994332, 0.0381363, -0.0992423, 0.217387, -0.0355401, 0.998982, 0.0277985, 0.0515474, 0.100201, -0.0241139, 0.994675, -0.146473, 739.244, 696.56, 507.692, 282.272
9, 1719, 0, 0, 220, 303, 0.989557, 0.0456425, -0.136725, 0.288131, -0.0407489, 0.998432, 0.0383803, 0.0528397, 0.138263, -0.0324081, 0.989865, -0.135675, 739.244, 696.56, 507.692, 282.272
4, 1781, 0, 0, 359, 106, 0.997223, 0.012746, -0.0733742, 0.0951472, -0.0114925, 0.999781, 0.0174807, 0.0346886, 0.073581, -0.0165889, 0.997151, -0.0514154, 739.244, 696.56, 507.692, 282.272
10, 1710, 0, 0, 246, 228, 0.985499, 0.0518387, -0.161569, 0.322506, -0.045269, 0.998002, 0.0440836, 0.0560938, 0.163531, -0.0361303, 0.985876, -0.134452, 739.244, 696.56, 507.692, 282.272
11, 1700, 0, 0, 222, 215, 0.978419, 0.0577135, -0.198408, 0.352719, -0.0488761, 0.997594, 0.049158, 0.0596237, 0.200768, -0.0383997, 0.978886, -0.133922, 739.244, 696.56, 507.692, 282.272
13, 1668, 0, 0, 317, 268, 0.97093, 0.0585744, -0.232087, 0.429467, -0.0418389, 0.9962, 0.0763905, 0.0850484, 0.23568, -0.0644596, 0.969691, -0.162427, 739.244, 696.56, 507.692, 282.272
8, 1729, 0, 0, 310, 83, 0.992157, 0.0406898, -0.118188, 0.255985, -0.0372749, 0.998825, 0.0309633, 0.0499025, 0.119309, -0.026315, 0.992508, -0.140466, 739.244, 696.56, 507.692, 282.272
14, 1654, 0, 0, 274, 134, 0.962085, 0.0661115, -0.264615, 0.460024, -0.0410455, 0.994224, 0.0991646, 0.100921, 0.269642, -0.0845436, 0.959242, -0.188836, 739.244, 696.56, 507.692, 282.272
16, 1629, 0, 0, 304, 173, 0.948673, 0.0805199, -0.305836, 0.550093, -0.0442979, 0.991344, 0.123591, 0.109412, 0.31314, -0.1037, 0.944028, -0.214055, 739.244, 696.56, 507.692, 282.272
17, 1612, 0, 0, 387, 124, 0.940533, 0.0853493, -0.328804, 0.588535, -0.0429204, 0.990023, 0.134212, 0.115445, 0.336979, -0.112119, 0.934813, -0.19945, 739.244, 696.56, 507.692, 282.273
18, 1598, 0, 0, 474, 125, 0.930513, 0.114243, -0.347985, 0.62506, -0.0661556, 0.986907, 0.147099, 0.123152, 0.360234, -0.113856, 0.925888, -0.176723, 739.244, 696.56, 507.692, 282.273
19, 1583, 0, 0, 600, 150, 0.926784, 0.126306, -0.35372, 0.662225, -0.0683181, 0.98274, 0.171916, 0.130563, 0.369328, -0.135163, 0.919417, -0.157752, 739.244, 696.56, 507.692, 282.272
5, 1768, 0, 0, 377, 6, 0.996862, 0.0159943, -0.0775312, 0.13282, -0.0135879, 0.999412, 0.0314673, 0.0470149, 0.0779889, -0.0303151, 0.996493, -0.100886, 739.243, 696.56, 507.692, 282.272
21, 1557, 0, 0, 346, 105, 0.933789, 0.138239, -0.330043, 0.731239, -0.0702333, 0.975226, 0.209765, 0.149845, 0.350865, -0.172696, 0.920364, -0.145446, 739.243, 696.56, 507.692, 282.272
22, 1549, 0, 0, 284, 105, 0.937546, 0.138244, -0.31921, 0.752373, -0.0709586, 0.974349, 0.213562, 0.153455, 0.340546, -0.177573, 0.923307, -0.129582, 739.243, 696.56, 507.692, 282.272
23, 1536, 0, 0, 282, 36, 0.939004, 0.131765, -0.317662, 0.788647, -0.0621457, 0.973496, 0.2201, 0.153551, 0.338244, -0.186934, 0.922305, -0.10765, 739.244, 696.561, 507.692, 282.272
24, 1523, 0, 0, 320, 16, 0.937719, 0.138817, -0.318453, 0.829726, -0.0666852, 0.971572, 0.227158, 0.153563, 0.340933, -0.191774, 0.920319, -0.0847763, 739.244, 696.56, 507.692, 282.272
15, 1646, 0, 0, 347, 1, 0.952683, 0.0835546, -0.292256, 0.506748, -0.053114, 0.992445, 0.110597, 0.105671, 0.299289, -0.0898409, 0.949924, -0.204764, 739.244, 696.56, 507.692, 282.272
26, 1492, 0, 0, 509, 5, 0.944878, 0.139101, -0.296406, 0.902957, -0.0605859, 0.963915, 0.259223, 0.151583, 0.321769, -0.226976, 0.91921, -0.0630244, 739.244, 696.561, 507.692, 282.272
27, 1480, 0, 0, 378, 6, 0.950005, 0.15143, -0.273057, 0.938493, -0.0754618, 0.959949, 0.26982, 0.159691, 0.30298, -0.235725, 0.923384, -0.0529399, 739.244, 696.561, 507.692, 282.272
28, 1467, 0, 0, 380, 3, 0.956544, 0.137879, -0.25693, 0.974414, -0.0653033, 0.960055, 0.272083, 0.155519, 0.284182, -0.243481, 0.927339, -0.0389562, 739.244, 696.56, 507.692, 282.272
29, 1454, 0, 0, 351, 0, 0.956816, 0.135597, -0.257132, 1.0144, -0.0599372, 0.957561, 0.281931, 0.16183, 0.284449, -0.254344, 0.924336, -0.0210867, 739.244, 696.56, 507.692, 282.272
30, 1442, 0, 0, 293, 0, 0.95596, 0.139041, -0.258472, 1.06001, -0.0600168, 0.954663, 0.291576, 0.161089, 0.287295, -0.263222, 0.920965, -0.0236817, 739.244, 696.56, 507.692, 282.272
0, 1823, 0, 0, 1156, 0, 1, -3.19032e-05, -0.000265828, -0.000103389, 3.18869e-05, 1, -6.13325e-05, 3.91991e-06, 0.00026583, 6.1324e-05, 1, -1.55092e-06, 739.244, 696.56, 507.692, 282.272
32, 1418, 0, 0, 392, 0, 0.967304, 0.110906, -0.228086, 1.11886, -0.0402624, 0.955066, 0.293646, 0.158666, 0.250405, -0.274862, 0.928304, 0.00218467, 739.244, 696.56, 507.692, 282.272
33, 1400, 0, 0, 394, 0, 0.960144, 0.133131, -0.245763, 1.15401, -0.0541541, 0.951223, 0.303713, 0.159477, 0.274209, -0.278299, 0.920521, 0.0125026, 739.244, 696.56, 507.692, 282.272
34, 1385, 0, 0, 346, 0, 0.957894, 0.135326, -0.253233, 1.19489, -0.0530616, 0.950207, 0.307069, 0.151692, 0.282178, -0.280702, 0.917378, 0.0184743, 739.244, 696.56, 507.692, 282.272
35, 1371, 0, 0, 302, 0, 0.961699, 0.128221, -0.242268, 1.23321, -0.0502223, 0.951308, 0.304122, 0.146475, 0.269467, -0.280306, 0.921312, 0.0245215, 739.244, 696.56, 507.692, 282.272
36, 1358, 0, 0, 299, 0, 0.96767, 0.129482, -0.216445, 1.26266, -0.0603641, 0.95212, 0.299706, 0.141389, 0.244888, -0.276951, 0.929154, 0.0325296, 739.244, 696.56, 507.692, 282.272
37, 1345, 0, 0, 252, 0, 0.974598, 0.121901, -0.187882, 1.29463, -0.0622285, 0.953254, 0.295692, 0.135156, 0.215144, -0.276489, 0.936625, 0.0377798, 739.244, 696.56, 507.692, 282.272
38, 1334, 0, 0, 288, 0, 0.980585, 0.117725, -0.156825, 1.31159, -0.0675994, 0.953656, 0.293208, 0.135918, 0.184075, -0.276914, 0.943099, 0.0465133, 739.244, 696.56, 507.692, 282.272
39, 1327, 0, 0, 365, 0, 0.984238, 0.112967, -0.136066, 1.32033, -0.0688971, 0.953538, 0.29329, 0.135094, 0.162876, -0.279293, 0.946291, 0.0472827, 739.244, 696.56, 507.692, 282.272
40, 1320, 0, 0, 198, 0, 0.987612, 0.106086, -0.115623, 1.32756, -0.0682036, 0.95381, 0.292565, 0.135345, 0.141319, -0.281055, 0.94923, 0.0524677, 739.244, 696.56, 507.692, 282.272
41, 1302, 0, 0, 179, 0, 0.992706, 0.0952954, -0.0738474, 1.35067, -0.0700151, 0.954356, 0.290348, 0.13596, 0.0981456, -0.28306, 0.954067, 0.0518936, 739.244, 696.56, 507.692, 282.272
42, 1289, 0, 0, 177, 0, 0.99659, 0.0778111, -0.0274385, 1.37062, -0.066848, 0.956415, 0.284257, 0.136376, 0.0483609, -0.281453, 0.958355, 0.0616799, 739.244, 696.56, 507.692, 282.272
20, 1568, 0, 0, 502, 0, 0.928513, 0.131977, -0.347053, 0.698772, -0.0663228, 0.978617, 0.194706, 0.141237, 0.365328, -0.157769, 0.917412, -0.156964, 739.244, 696.56, 507.692, 282.272
44, 1259, 0, 0, 595, 0, 0.996924, 0.0694369, 0.0363466, 1.44018, -0.0771599, 0.950878, 0.299796, 0.128317, -0.0137442, -0.301679, 0.953311, 0.0465163, 739.244, 696.56, 507.692, 282.272
12, 1689, 0, 0, 422, 0, 0.971489, 0.0678879, -0.227157, 0.392698, -0.056886, 0.996884, 0.0546416, 0.0647796, 0.230159, -0.0401616, 0.972324, -0.133854, 739.244, 696.56, 507.692, 282.272
46, 1228, 0, 0, 722, 1, 0.990132, 0.0445821, 0.132861, 1.47467, -0.0792425, 0.960043, 0.2684, 0.106937, -0.115586, -0.276279, 0.954101, 0.0378851, 739.244, 696.56, 507.691, 282.272
47, 1215, 0, 0, 678, 4, 0.985123, 0.039877, 0.167159, 1.47473, -0.0795452, 0.968038, 0.237854, 0.0975844, -0.152331, -0.247612, 0.956809, 0.0416323, 739.244, 696.56, 507.691, 282.272
25, 1506, 0, 0, 332, 0, 0.941052, 0.127547, -0.313293, 0.863093, -0.0494301, 0.968097, 0.245653, 0.150233, 0.33463, -0.215687, 0.917334, -0.0666184, 739.244, 696.56, 507.692, 282.272
31, 1429, 0, 0, 269, 0, 0.964626, 0.113888, -0.237751, 1.09249, -0.0398238, 0.95447, 0.295637, 0.154856, 0.260596, -0.275711, 0.925242, -0.0196996, 739.244, 696.56, 507.692, 282.272
48, 1199, 0, 0, 690, 6, 0.983416, 0.0351411, 0.177928, 1.47831, -0.0708963, 0.977474, 0.198794, 0.0839459, -0.166934, -0.208112, 0.963754, 0.0494134, 739.244, 696.56, 507.692, 282.272
50, 1152, 0, 0, 604, 24, 0.982397, 0.0251386, 0.185106, 1.50486, -0.0449148, 0.993622, 0.103432, 0.0458326, -0.181326, -0.109925, 0.97726, 0.0482773, 739.244, 696.56, 507.692, 282.272
51, 1131, 0, 0, 458, 9, 0.977066, 0.0249541, 0.211468, 1.51586, -0.0364961, 0.998039, 0.0508537, 0.0250084, -0.209784, -0.0574052, 0.976061, 0.0342617, 739.245, 696.56, 507.691, 282.272
52, 1113, 0, 0, 574, 32, 0.97044, 0.0191137, 0.240584, 1.52691, -0.0206042, 0.999781, 0.00368103, 0.00652539, -0.240461, -0.00852926, 0.970621, 0.0221046, 739.245, 696.56, 507.691, 282.272
54, 1083, 0, 0, 501, 84, 0.944428, 0.0197954, 0.328121, 1.56716, 0.00420106, 0.997377, -0.0722633, -0.0213433, -0.328691, 0.0696259, 0.941868, 0.0153972, 739.244, 696.56, 507.691, 282.271
45, 1243, 0, 0, 580, 0, 0.994993, 0.0618399, 0.0785103, 1.47188, -0.0824853, 0.951698, 0.295749, 0.114353, -0.056429, -0.300745, 0.952034, 0.0326915, 739.244, 696.56, 507.692, 282.271
55, 1065, 0, 0, 359, 9, 0.922752, 0.0135762, 0.385155, 1.57506, 0.0259809, 0.994915, -0.0973143, -0.0371796, -0.384517, 0.0998036, 0.917707, -0.00494302, 739.243, 696.56, 507.692, 282.271
43, 1273, 0, 0, 314, 0, 0.997966, 0.0635602, 0.00494218, 1.40564, -0.0623618, 0.957163, 0.282753, 0.133053, 0.0132414, -0.282486, 0.95918, 0.0667808, 739.243, 696.56, 507.692, 282.271
57, 1018, 0, 0, 305, 6, 0.864979, -0.00256674, 0.501801, 1.56837, 0.0475688, 0.995903, -0.0769026, -0.0429854, -0.499548, 0.0903892, 0.861558, -0.0793548, 739.243, 696.56, 507.692, 282.271
53, 1098, 0, 0, 504, 0, 0.960386, 0.0155064, 0.278243, 1.55435, -0.00636047, 0.99941, -0.0337428, -0.0137161, -0.278602, 0.0306364, 0.959918, 0.0216452, 739.243, 696.56, 507.692, 282.271
58, 995, 0, 0, 458, 5, 0.841004, -0.0176052, 0.540743, 1.57616, 0.0571634, 0.996767, -0.0564527, -0.0439463, -0.538001, 0.0783876, 0.839292, -0.13694, 739.243, 696.561, 507.692, 282.271
60, 935, 0, 0, 483, 37, 0.805635, -0.0141589, 0.592244, 1.63435, 0.0546875, 0.997223, -0.050551, -0.0625959, -0.589883, 0.073114, 0.804172, -0.273616, 739.243, 696.56, 507.692, 282.271
61, 922, 0, 0, 449, 44, 0.781283, -0.00457622, 0.62416, 1.67058, 0.0491896, 0.997314, -0.0542603, -0.0644688, -0.622235, 0.0730948, 0.77941, -0.326718, 739.243, 696.56, 507.691, 282.271
62, 905, 0, 0, 440, 16, 0.750422, -0.0159183, 0.660768, 1.70148, 0.0697778, 0.996031, -0.0552503, -0.0698669, -0.657266, 0.0875679, 0.748554, -0.367159, 739.243, 696.56, 507.691, 282.271
56, 1045, 0, 0, 268, 1, 0.900605, 0.00270485, 0.43463, 1.58925, 0.0412562, 0.994934, -0.0916796, -0.0408355, -0.432676, 0.100498, 0.895931, -0.0430522, 739.243, 696.56, 507.692, 282.271
64, 867, 0, 0, 339, 20, 0.70093, -0.0263906, 0.712742, 1.76593, 0.0838445, 0.995435, -0.0455971, -0.0658742, -0.708285, 0.0917198, 0.699943, -0.491704, 739.244, 696.56, 507.692, 282.271
65, 839, 0, 0, 475, 15, 0.688916, -0.0502186, 0.723099, 1.79341, 0.102806, 0.994282, -0.0288937, -0.0473156, -0.717513, 0.094244, 0.69014, -0.588176, 739.244, 696.56, 507.691, 282.271
49, 1173, 0, 0, 621, 0, 0.984167, 0.0239999, 0.175613, 1.48956, -0.0505427, 0.987654, 0.148273, 0.0622948, -0.169886, -0.154802, 0.973229, 0.0524381, 739.244, 696.56, 507.692, 282.271
67, 777, 0, 0, 395, 8, 0.621582, -0.0513693, 0.781663, 1.77961, 0.100327, 0.99485, -0.014401, -0.0237831, -0.776898, 0.0873736, 0.623534, -0.799167, 739.244, 696.561, 507.692, 282.271
68, 759, 0, 0, 343, 12, 0.59066, -0.0466089, 0.805573, 1.78262, 0.106663, 0.99408, -0.0206916, -0.0277955, -0.79984, 0.0981466, 0.592135, -0.845128, 739.244, 696.561, 507.692, 282.271
69, 741, 0, 0, 274, 8, 0.552842, -0.0464234, 0.831992, 1.80277, 0.106616, 0.994181, -0.0153709, -0.0268133, -0.826437, 0.0972013, 0.554575, -0.907888, 739.243, 696.56, 507.692, 282.271
70, 717, 0, 0, 318, 2, 0.589893, -0.0591467, 0.805312, 1.83981, 0.113497, 0.993486, -0.0101694, -0.0339158, -0.799465, 0.0973992, 0.592764, -0.974223, 739.243, 696.56, 507.691, 282.272
63, 888, 0, 0, 379, 0, 0.722326, -0.0177639, 0.691324, 1.72757, 0.0773885, 0.995467, -0.0552798, -0.0656135, -0.687209, 0.0934306, 0.720427, -0.421993, 739.244, 696.56, 507.692, 282.272
72, 657, 0, 0, 328, 0, 0.625663, -0.0536539, 0.778246, 1.96096, 0.0910816, 0.995833, -0.00456933, -0.0264634, -0.774758, 0.0737427, 0.627943, -1.15741, 739.244, 696.561, 507.691, 282.271
74, 557, 0, 0, 392, 0, 0.593193, -0.0641045, 0.802504, 2.05564, 0.0954894, 0.99539, 0.00892872, -0.0206919, -0.799377, 0.0713342, 0.59658, -1.33948, 739.244, 696.561, 507.691, 282.27
75, 516, 0, 0, 454, 0, 0.540096, -0.083915, 0.837409, 2.08126, 0.112272, 0.993307, 0.027126, -0.0117538, -0.834081, 0.0793671, 0.545903, -1.37161, 739.244, 696.561, 507.691, 282.27
76, 480, 0, 0, 416, 0, 0.482083, -0.101139, 0.870268, 2.08655, 0.118481, 0.991716, 0.0496206, -0.00336733, -0.868077, 0.079189, 0.490073, -1.40364, 739.243, 696.56, 507.691, 282.271
77, 452, 0, 0, 503, 0, 0.42556, -0.122429, 0.89661, 2.10239, 0.115814, 0.990027, 0.0802151, 0.0114793, -0.897488, 0.0697039, 0.435495, -1.41942, 739.243, 696.56, 507.691, 282.271
78, 422, 0, 0, 464, 0, 0.365074, -0.141718, 0.920129, 2.11604, 0.118625, 0.987371, 0.105008, 0.030247, -0.92339, 0.0708147, 0.377275, -1.44473, 739.243, 696.561, 507.691, 282.271
79, 390, 0, 0, 320, 0, 0.30075, -0.166502, 0.939056, 2.13285, 0.144089, 0.981272, 0.12784, 0.0527721, -0.942755, 0.0968599, 0.319109, -1.46151, 739.243, 696.561, 507.691, 282.271
59, 963, 0, 0, 490, 0, 0.81191, -0.0175693, 0.583519, 1.57796, 0.0629285, 0.996357, -0.0575593, -0.0519984, -0.580381, 0.0834529, 0.810057, -0.199609, 739.243, 696.561, 507.691, 282.271
81, 344, 0, 0, 574, 0, 0.197701, -0.190808, 0.961513, 2.23812, 0.138262, 0.976495, 0.165352, 0.127268, -0.970463, 0.100251, 0.219435, -1.47088, 739.243, 696.561, 507.691, 282.27
73, 620, 0, 0, 310, 0, 0.632635, -0.0552877, 0.772474, 2.02002, 0.0859274, 0.996301, 0.000935328, -0.0212107, -0.769669, 0.065785, 0.635045, -1.26574, 739.243, 696.561, 507.691, 282.27
82, 337, 0, 0, 486, 0, 0.147705, -0.168927, 0.974498, 2.29977, 0.111249, 0.98189, 0.153346, 0.158752, -0.982755, 0.0857617, 0.163823, -1.46715, 739.243, 696.56, 507.691, 282.27
66, 807, 0, 0, 460, 0, 0.664968, -0.0465317, 0.745421, 1.81887, 0.100409, 0.994566, -0.0274879, -0.0295164, -0.740091, 0.0931256, 0.666027, -0.692557, 739.243, 696.56, 507.691, 282.27
84, 319, 0, 0, 344, 0, 0.126539, -0.0812552, 0.988628, 2.46511, 0.13443, 0.98885, 0.0640671, 0.233987, -0.98281, 0.124795, 0.136051, -1.42912, 739.243, 696.56, 507.691, 282.269
85, 307, 0, 0, 501, 0, 0.141105, -0.0167549, 0.989853, 2.55826, 0.12576, 0.99206, -0.00113501, 0.271289, -0.981974, 0.124644, 0.142091, -1.42384, 739.243, 696.56, 507.691, 282.269
87, 267, 0, 0, 511, 0, 0.13826, -0.0308351, 0.989916, 2.67629, 0.14019, 0.990061, 0.0112596, 0.477422, -0.980424, 0.137219, 0.141208, -1.38833, 739.243, 696.56, 507.691, 282.27
88, 252, 0, 0, 544, 0, 0.152838, -0.0696363, 0.985795, 2.68684, 0.13759, 0.989299, 0.0485518, 0.547327, -0.978626, 0.128215, 0.160784, -1.37826, 739.243, 696.56, 507.691, 282.27
89, 236, 0, 0, 456, 0, 0.159636, -0.0755088, 0.984284, 2.66808, 0.121931, 0.990944, 0.0562444, 0.620229, -0.979617, 0.111036, 0.167397, -1.37013, 739.243, 696.56, 507.691, 282.27
83, 328, 0, 0, 468, 0, 0.117948, -0.137147, 0.983503, 2.40139, 0.131963, 0.983797, 0.121363, 0.20496, -0.984212, 0.115471, 0.134135, -1.45989, 739.243, 696.56, 507.691, 282.27
91, 211, 0, 0, 634, 0, 0.164098, -0.00776224, 0.986414, 2.70075, 0.12943, 0.991493, -0.0137295, 0.701258, -0.977916, 0.129925, 0.163707, -1.34785, 739.243, 696.56, 507.691, 282.27
92, 197, 0, 0, 469, 0, 0.172848, 0.0106444, 0.984891, 2.69425, 0.121793, 0.992036, -0.0320963, 0.737272, -0.977389, 0.125501, 0.170175, -1.32599, 739.243, 696.56, 507.691, 282.27
93, 163, 0, 0, 521, 5, 0.16661, 0.0194012, 0.985832, 2.60711, 0.120609, 0.991898, -0.0399041, 0.737891, -0.978619, 0.125549, 0.16292, -1.32948, 739.243, 696.56, 507.691, 282.27
