1, 11, 0, 0, 443, 26, 0.999873, -0.0157785, 0.00204256, -0.00146594, 0.0157488, 0.99978, 0.0138382, -0.0064456, -0.00226046, -0.0138043, 0.999902, 0.0316069, 739.244, 696.561, 507.691, 282.272
3, 34, 0, 0, 345, 94, 0.999484, -0.00878752, 0.0308929, -0.0470434, 0.00803834, 0.999673, 0.024292, -0.0240154, -0.0310963, -0.0240311, 0.999227, 0.103511, 739.244, 696.56, 507.691, 282.272
4, 44, 0, 0, 348, 110, 0.999232, -0.0103498, 0.0377948, -0.0677186, 0.00972805, 0.999815, 0.0165981, -0.0288811, -0.0379596, -0.0162176, 0.999148, 0.124647, 739.244, 696.56, 507.692, 282.272
6, 66, 0, 0, 317, 218, 0.998626, -0.00595174, 0.052066, -0.124182, 0.00478727, 0.999736, 0.0224614, -0.0268197, -0.0521859, -0.0221813, 0.998391, 0.184686, 739.244, 696.56, 507.691, 282.272
8, 88, 0, 0, 209, 204, 0.996851, -0.0262633, 0.0748234, -0.17601, 0.023647, 0.999085, 0.0356404, -0.0322992, -0.075691, -0.0337588, 0.99656, 0.240787, 739.244, 696.56, 507.691, 282.272
2, 29, 0, 0, 449, 6, 0.999828, -0.0114511, 0.0145775, -0.0196174, 0.0110917, 0.999638, 0.0245053, -0.0186039, -0.0148529, -0.0243394, 0.999593, 0.0854926, 739.244, 696.561, 507.691, 282.272
9, 97, 0, 0, 305, 131, 0.996472, -0.0231568, 0.0806643, -0.203243, 0.0201385, 0.999074, 0.0380323, -0.0341959, -0.0814703, -0.0362736, 0.996015, 0.250512, 739.244, 696.561, 507.691, 282.271
11, 116, 0, 0, 427, 237, 0.991597, -0.0315295, 0.125461, -0.271419, 0.0263265, 0.998732, 0.0429153, -0.0327622, -0.126655, -0.0392518, 0.99117, 0.248415, 739.244, 696.561, 507.691, 282.271
12, 123, 0, 0, 553, 224, 0.986785, -0.050954, 0.153818, -0.295775, 0.0449475, 0.998094, 0.0422798, -0.0494454, -0.155679, -0.0348074, 0.987194, 0.244249, 739.244, 696.561, 507.691, 282.271
7, 77, 0, 0, 330, 30, 0.997751, -0.00908286, 0.0664146, -0.150136, 0.00729677, 0.999606, 0.0270862, -0.0237341, -0.0666345, -0.0265407, 0.997424, 0.223342, 739.244, 696.561, 507.691, 282.271
13, 129, 0, 0, 586, 132, 0.983637, -0.0507197, 0.172878, -0.30809, 0.0449263, 0.998295, 0.037264, -0.0768025, -0.174473, -0.0288875, 0.984238, 0.240339, 739.244, 696.561, 507.691, 282.271
15, 140, 0, 0, 459, 157, 0.976378, -0.0405118, 0.212237, -0.333375, 0.0386371, 0.999169, 0.0129747, -0.131317, -0.212587, -0.00446801, 0.977132, 0.246795, 739.244, 696.561, 507.691, 282.271
16, 145, 0, 0, 398, 126, 0.97575, -0.031245, 0.216646, -0.332953, 0.0318354, 0.999493, 0.000765216, -0.157168, -0.21656, 0.00615034, 0.97625, 0.249607, 739.244, 696.561, 507.691, 282.271
17, 150, 0, 0, 471, 82, 0.971187, -0.0307493, 0.236327, -0.344914, 0.0358761, 0.999204, -0.0174233, -0.190767, -0.235604, 0.0253997, 0.971517, 0.259925, 739.244, 696.56, 507.691, 282.271
18, 155, 0, 0, 468, 61, 0.964236, -0.0326699, 0.263024, -0.354611, 0.0435584, 0.998414, -0.0356715, -0.218985, -0.261441, 0.0458526, 0.96413, 0.263701, 739.245, 696.56, 507.691, 282.271
19, 162, 0, 0, 436, 21, 0.954776, -0.00155697, 0.297322, -0.358477, 0.0189232, 0.998277, -0.0555394, -0.242171, -0.296723, 0.0586539, 0.953161, 0.262086, 739.244, 696.56, 507.691, 282.271
10, 106, 0, 0, 422, 1, 0.995307, -0.0215336, 0.0943395, -0.23661, 0.0178378, 0.999047, 0.0398453, -0.0335346, -0.0951076, -0.0379755, 0.994742, 0.252834, 739.244, 696.56, 507.691, 282.271
0, 0, 0, 0, 1026, 0, 1, 2.49346e-05, 9.31997e-05, -2.9982e-05, -2.49398e-05, 1, 5.53287e-05, 1.01894e-05, -9.31983e-05, -5.53311e-05, 1, -1.76637e-05, 739.244, 696.56, 507.691, 282.271
21, 178, 0, 0, 436, 0, 0.947221, 0.00409076, 0.320556, -0.364465, 0.0346337, 0.99276, -0.115009, -0.276826, -0.318706, 0.120041, 0.940222, 0.232525, 739.244, 696.56, 507.691, 282.271
23, 190, 0, 0, 497, 3, 0.969408, 0.0301709, 0.243593, -0.331408, 0.00342307, 0.990658, -0.136323, -0.301114, -0.245431, 0.132987, 0.960249, 0.215072, 739.244, 696.56, 507.691, 282.271
22, 186, 0, 0, 505, 0, 0.958897, 0.00327004, 0.283736, -0.347611, 0.0365243, 0.990193, -0.134847, -0.290632, -0.281395, 0.139668, 0.949373, 0.219216, 739.244, 696.56, 507.691, 282.271
25, 198, 0, 0, 534, 28, 0.980908, 0.0525038, 0.187253, -0.274672, -0.0299514, 0.992164, -0.121296, -0.326904, -0.192154, 0.113371, 0.974794, 0.205676, 739.244, 696.56, 507.691, 282.271
26, 202, 0, 0, 488, 40, 0.984321, 0.0518413, 0.168594, -0.248961, -0.0294355, 0.990709, -0.132779, -0.312501, -0.173911, 0.125734, 0.976702, 0.203911, 739.244, 696.56, 507.691, 282.271
27, 207, 0, 0, 496, 35, 0.986196, 0.0538201, 0.156594, -0.221792, -0.0338939, 0.991292, -0.127242, -0.317111, -0.162079, 0.120178, 0.979432, 0.194225, 739.244, 696.56, 507.691, 282.271
28, 210, 0, 0, 442, 28, 0.989997, 0.0539354, 0.130375, -0.195618, -0.0363802, 0.990385, -0.133466, -0.311054, -0.13632, 0.127388, 0.98244, 0.185518, 739.244, 696.56, 507.691, 282.271
20, 169, 0, 0, 402, 0, 0.948377, -0.00301504, 0.317131, -0.362508, 0.0327823, 0.99553, -0.0885704, -0.250131, -0.315446, 0.0943944, 0.944237, 0.252706, 739.244, 696.56, 507.691, 282.271
30, 219, 0, 0, 421, 21, 0.996126, 0.0527652, 0.0703476, -0.137985, -0.0430198, 0.990116, -0.133489, -0.311311, -0.0766959, 0.129945, 0.98855, 0.160798, 739.244, 696.561, 507.691, 282.271
31, 222, 0, 0, 361, 27, 0.997279, 0.0635927, 0.0372808, -0.119599, -0.0582021, 0.989648, -0.131185, -0.308491, -0.0452373, 0.128658, 0.990657, 0.150094, 739.244, 696.561, 507.691, 282.271
32, 226, 0, 0, 485, 23, 0.998189, 0.0598148, 0.00638842, -0.0923703, -0.0585225, 0.990182, -0.126945, -0.30921, -0.0139189, 0.126341, 0.991889, 0.138316, 739.244, 696.56, 507.691, 282.271
33, 230, 0, 0, 464, 16, 0.998032, 0.0593535, -0.0202137, -0.0666997, -0.0614175, 0.990304, -0.124601, -0.310366, 0.0126222, 0.125597, 0.992001, 0.127064, 739.244, 696.56, 507.691, 282.271
34, 234, 0, 0, 443, 21, 0.997359, 0.0609439, -0.039512, -0.0394203, -0.0654319, 0.990053, -0.124555, -0.307957, 0.0315282, 0.126811, 0.991426, 0.116691, 739.244, 696.56, 507.691, 282.271
35, 239, 0, 0, 425, 12, 0.99524, 0.0664885, -0.0712483, -0.00621128, -0.074894, 0.989619, -0.122658, -0.307408, 0.0623533, 0.12741, 0.989888, 0.10367, 739.244, 696.56, 507.691, 282.271
36, 243, 0, 0, 476, 4, 0.992783, 0.0677609, -0.0989498, 0.018439, -0.079402, 0.989727, -0.11889, -0.308005, 0.0898772, 0.125889, 0.987965, 0.0946359, 739.244, 696.56, 507.691, 282.271
37, 248, 0, 0, 364, 4, 0.990796, 0.0693666, -0.116241, 0.0488245, -0.0825357, 0.990206, -0.112601, -0.310855, 0.107292, 0.121158, 0.986818, 0.0836494, 739.244, 696.56, 507.691, 282.271
24, 193, 0, 0, 382, 0, 0.977829, 0.0388802, 0.205763, -0.308248, -0.0113883, 0.991032, -0.133142, -0.310939, -0.209094, 0.127847, 0.969502, 0.210494, 739.244, 696.561, 507.691, 282.271
39, 259, 0, 0, 558, 0, 0.985709, 0.076621, -0.150025, 0.102816, -0.0902637, 0.992168, -0.0863376, -0.314788, 0.142235, 0.0986456, 0.984905, 0.0577489, 739.244, 696.561, 507.691, 282.271
40, 265, 0, 0, 500, 4, 0.981931, 0.0828093, -0.17016, 0.129813, -0.0964217, 0.992635, -0.0733429, -0.31411, 0.162833, 0.0884248, 0.982683, 0.0489661, 739.244, 696.56, 507.691, 282.271
41, 271, 0, 0, 654, 8, 0.976279, 0.0826626, -0.200117, 0.154076, -0.0965551, 0.993477, -0.0606712, -0.312149, 0.193797, 0.0785544, 0.977892, 0.0462907, 739.245, 696.56, 507.691, 282.271
42, 281, 0, 0, 698, 27, 0.969795, 0.092703, -0.22562, 0.175714, -0.104844, 0.993584, -0.0424121, -0.297043, 0.220241, 0.064786, 0.973292, 0.0406711, 739.245, 696.56, 507.691, 282.272
43, 292, 0, 0, 679, 56, 0.963871, 0.0995514, -0.247066, 0.197227, -0.109073, 0.993716, -0.0251222, -0.280587, 0.243013, 0.0511629, 0.968673, 0.0392138, 739.245, 696.56, 507.691, 282.272
44, 301, 0, 0, 629, 72, 0.958027, 0.106001, -0.26636, 0.219605, -0.111721, 0.993719, -0.0063711, -0.26526, 0.264012, 0.0358618, 0.963853, 0.0365407, 739.245, 696.56, 507.691, 282.272
45, 313, 0, 0, 607, 51, 0.953421, 0.11676, -0.278128, 0.241124, -0.116062, 0.99306, 0.0190301, -0.246023, 0.27842, 0.0141365, 0.960355, 0.0329482, 739.245, 696.56, 507.691, 282.272
46, 331, 0, 0, 516, 35, 0.952208, 0.129578, -0.276603, 0.244379, -0.119282, 0.991401, 0.053804, -0.22176, 0.281196, -0.0182388, 0.959477, 0.0390305, 739.245, 696.56, 507.691, 282.271
47, 340, 0, 0, 483, 17, 0.951095, 0.129584, -0.280403, 0.242697, -0.113923, 0.990912, 0.0715205, -0.205986, 0.287123, -0.0360785, 0.957214, 0.0513297, 739.245, 696.56, 507.691, 282.271
48, 348, 0, 0, 476, 9, 0.947101, 0.129594, -0.293609, 0.244909, -0.107686, 0.990134, 0.0896612, -0.182793, 0.302331, -0.0533005, 0.951712, 0.0592256, 739.245, 696.56, 507.691, 282.271
49, 358, 0, 0, 478, 11, 0.944193, 0.127387, -0.303765, 0.251751, -0.0970922, 0.988852, 0.112895, -0.152648, 0.31476, -0.0771017, 0.946035, 0.0680779, 739.245, 696.56, 507.691, 282.271
50, 368, 0, 0, 477, 5, 0.944062, 0.136486, -0.300199, 0.235467, -0.0997992, 0.98589, 0.134389, -0.12729, 0.314306, -0.0969123, 0.944362, 0.0701593, 739.245, 696.56, 507.691, 282.271
51, 381, 0, 0, 458, 3, 0.951425, 0.115432, -0.285422, 0.2286, -0.0795557, 0.987745, 0.134278, -0.0932481, 0.297424, -0.105048, 0.948949, 0.0605641, 739.244, 696.56, 507.691, 282.271
52, 392, 0, 0, 501, 0, 0.955058, 0.109732, -0.275361, 0.229045, -0.07441, 0.987963, 0.135622, -0.0591453, 0.286928, -0.109037, 0.951726, 0.0607337, 739.244, 696.56, 507.69, 282.271
53, 401, 0, 0, 491, 0, 0.957246, 0.10013, -0.271394, 0.228326, -0.0585324, 0.985821, 0.157264, -0.0301184, 0.283292, -0.134655, 0.949533, 0.0761168, 739.244, 696.56, 507.691, 282.271
5, 58, 0, 0, 361, 0, 0.999309, -0.00477335, 0.036864, -0.0932996, 0.00400529, 0.999774, 0.0208807, -0.0252073, -0.0369553, -0.0207186, 0.999102, 0.159499, 739.245, 696.56, 507.691, 282.271
14, 134, 0, 0, 649, 0, 0.979896, -0.0572742, 0.191113, -0.321312, 0.053138, 0.99823, 0.0267023, -0.101566, -0.192304, -0.0160101, 0.981205, 0.242448, 739.245, 696.56, 507.691, 282.272
29, 214, 0, 0, 422, 0, 0.993401, 0.0525013, 0.101972, -0.169392, -0.0391507, 0.990901, -0.128772, -0.316516, -0.107805, 0.12393, 0.986417, 0.176504, 739.245, 696.56, 507.691, 282.272
38, 253, 0, 0, 516, 0, 0.988641, 0.0740158, -0.130804, 0.0763691, -0.087055, 0.991475, -0.096949, -0.316303, 0.122514, 0.107235, 0.986657, 0.0728069, 739.245, 696.56, 507.691, 282.272
56, 426, 0, 0, 615, 0, 0.97332, 0.0714566, -0.218042, 0.249134, -0.0178648, 0.970987, 0.238464, 0.030701, 0.228756, -0.228207, 0.946357, 0.162603, 739.245, 696.56, 507.691, 282.272
57, 433, 0, 0, 527, 20, 0.977648, 0.0688118, -0.198667, 0.253687, -0.0158664, 0.966376, 0.256643, 0.0401757, 0.209647, -0.247754, 0.945868, 0.168992, 739.245, 696.56, 507.691, 282.272
59, 456, 0, 0, 208, 168, 0.986598, 0.0608402, -0.1514, 0.299666, -0.0169013, 0.960997, 0.276041, 0.047142, 0.162289, -0.269783, 0.949147, 0.174665, 739.245, 696.56, 507.691, 282.272
55, 419, 0, 0, 753, 0, 0.969381, 0.0772479, -0.233093, 0.242864, -0.026677, 0.976742, 0.212752, 0.0159109, 0.244106, -0.20002, 0.948896, 0.14474, 739.245, 696.56, 507.691, 282.272
61, 467, 0, 0, 355, 39, 0.991782, 0.0507849, -0.117425, 0.342886, -0.0159507, 0.959761, 0.280364, 0.0495485, 0.126938, -0.276187, 0.952684, 0.191432, 739.245, 696.56, 507.692, 282.272
62, 472, 0, 0, 442, 10, 0.994089, 0.0428163, -0.0997686, 0.364569, -0.0132608, 0.959955, 0.279841, 0.0506827, 0.107755, -0.276864, 0.954848, 0.198612, 739.245, 696.56, 507.691, 282.272
63, 478, 0, 0, 443, 4, 0.99678, 0.0280999, -0.0750974, 0.389033, -0.00603963, 0.960233, 0.279134, 0.051281, 0.0799547, -0.277782, 0.957311, 0.208156, 739.245, 696.56, 507.691, 282.272
65, 490, 0, 0, 445, 2, 0.999903, -0.00119422, -0.0138677, 0.429615, 0.00502646, 0.96006, 0.279748, 0.0558716, 0.0129797, -0.279791, 0.959973, 0.226968, 739.245, 696.56, 507.691, 282.272
58, 447, 0, 0, 317, 0, 0.983873, 0.0638327, -0.167089, 0.276142, -0.016671, 0.962812, 0.269657, 0.0479868, 0.178088, -0.262523, 0.948349, 0.1655, 739.245, 696.56, 507.691, 282.272
66, 496, 0, 0, 455, 4, 0.999593, -0.012383, 0.0257129, 0.449998, 0.00467601, 0.959851, 0.280472, 0.0587049, -0.0281537, -0.280237, 0.959518, 0.234241, 739.246, 696.56, 507.691, 282.272
68, 511, 0, 0, 630, 4, 0.995989, -0.0269094, 0.0853375, 0.481694, 0.00163445, 0.959021, 0.283331, 0.0634258, -0.0894647, -0.282055, 0.955218, 0.247215, 739.246, 696.56, 507.691, 282.272
69, 516, 0, 0, 634, 9, 0.993671, -0.0294772, 0.108397, 0.497297, -0.00261786, 0.958619, 0.284681, 0.0669663, -0.112303, -0.283163, 0.952474, 0.250824, 739.245, 696.56, 507.691, 282.272
70, 522, 0, 0, 371, 10, 0.990118, -0.0273961, 0.137538, 0.513544, -0.0136487, 0.957253, 0.28893, 0.0711038, -0.139574, -0.287952, 0.947419, 0.255027, 739.245, 696.56, 507.691, 282.272
71, 526, 0, 0, 272, 7, 0.987442, -0.0320433, 0.154699, 0.525652, -0.0141819, 0.957282, 0.288808, 0.0705018, -0.157344, -0.287375, 0.944806, 0.256712, 739.245, 696.56, 507.691, 282.272
64, 484, 0, 0, 506, 0, 0.99853, 0.0203838, -0.0502147, 0.414733, -0.0056228, 0.960535, 0.278102, 0.0541797, 0.0539018, -0.277411, 0.959238, 0.218046, 739.245, 696.56, 507.691, 282.271
73, 536, 0, 0, 486, 0, 0.986302, -0.0346562, 0.16127, 0.561528, -0.0131888, 0.957982, 0.286526, 0.0703557, -0.164424, -0.284728, 0.944402, 0.256702, 739.244, 696.56, 507.691, 282.271
74, 542, 0, 0, 398, 0, 0.986752, -0.0339199, 0.158648, 0.581882, -0.0135301, 0.957286, 0.288827, 0.070366, -0.161669, -0.287147, 0.944145, 0.256958, 739.244, 696.56, 507.691, 282.271
75, 549, 0, 0, 494, 0, 0.98892, -0.0218411, 0.146833, 0.609786, -0.0219814, 0.956669, 0.290347, 0.0703774, -0.146812, -0.290358, 0.945589, 0.25568, 739.244, 696.56, 507.691, 282.271
76, 555, 0, 0, 424, 0, 0.991022, -0.00909583, 0.13339, 0.636202, -0.0305851, 0.955804, 0.292409, 0.068907, -0.130154, -0.293863, 0.946945, 0.250468, 739.244, 696.56, 507.691, 282.271
67, 504, 0, 0, 507, 0, 0.99823, -0.0330951, 0.0494137, 0.473441, 0.0176994, 0.958534, 0.284429, 0.0584046, -0.0567779, -0.283051, 0.957423, 0.239624, 739.244, 696.56, 507.691, 282.271
78, 567, 0, 0, 455, 0, 0.994057, -0.00152574, 0.108854, 0.682923, -0.0304897, 0.955983, 0.291833, 0.065978, -0.104508, -0.293417, 0.950255, 0.238189, 739.244, 696.56, 507.691, 282.271
79, 573, 0, 0, 401, 0, 0.996305, 0.00552277, 0.0857068, 0.702164, -0.0306684, 0.955015, 0.294968, 0.0660424, -0.0802223, -0.296506, 0.951656, 0.233253, 739.244, 696.56, 507.691, 282.271
80, 579, 0, 0, 340, 0, 0.996813, 0.00636108, 0.0795178, 0.715612, -0.0299001, 0.953939, 0.298508, 0.0645155, -0.0739562, -0.299934, 0.951089, 0.228484, 739.244, 696.56, 507.691, 282.271
81, 587, 0, 0, 402, 0, 0.996433, 0.0106704, 0.083709, 0.738013, -0.035395, 0.953344, 0.299803, 0.0618964, -0.0766045, -0.301697, 0.950321, 0.223296, 739.244, 696.56, 507.691, 282.271
82, 593, 0, 0, 457, 0, 0.996552, 0.0193076, 0.0806874, 0.761583, -0.042563, 0.953786, 0.297456, 0.0589194, -0.0712154, -0.299865, 0.95132, 0.215526, 739.244, 696.56, 507.691, 282.271
83, 599, 0, 0, 394, 0, 0.996472, 0.0260052, 0.079794, 0.787836, -0.0484092, 0.954772, 0.293373, 0.0563478, -0.0685558, -0.296201, 0.952662, 0.205627, 739.244, 696.56, 507.691, 282.271
84, 604, 0, 0, 412, 0, 0.996979, 0.0276627, 0.0725833, 0.814114, -0.0476647, 0.955695, 0.290475, 0.0548949, -0.0613322, -0.293057, 0.954126, 0.196735, 739.244, 696.56, 507.691, 282.271
85, 610, 0, 0, 415, 0, 0.997206, 0.0279279, 0.0692777, 0.84133, -0.0468989, 0.955968, 0.289701, 0.0553491, -0.0581365, -0.292141, 0.954607, 0.192741, 739.244, 696.56, 507.691, 282.271
54, 411, 0, 0, 601, 0, 0.962975, 0.0918283, -0.253471, 0.234809, -0.0448694, 0.98168, 0.185181, -0.004394, 0.265832, -0.166951, 0.949453, 0.11553, 739.244, 696.56, 507.691, 282.271
87, 623, 0, 0, 516, 0, 0.997263, 0.0161357, 0.0721506, 0.886727, -0.037121, 0.953248, 0.299901, 0.0617009, -0.0639383, -0.301759, 0.951238, 0.188334, 739.244, 696.56, 507.691, 282.271
88, 630, 0, 0, 575, 0, 0.996802, 0.0198216, 0.0774141, 0.909201, -0.0426499, 0.951198, 0.305619, 0.0641059, -0.0675783, -0.307944, 0.949001, 0.185636, 739.244, 696.56, 507.691, 282.271
89, 636, 0, 0, 742, 1, 0.996152, 0.0167545, 0.0860206, 0.931362, -0.0427706, 0.949666, 0.310331, 0.0665269, -0.0764914, -0.312816, 0.946729, 0.182118, 739.244, 696.56, 507.691, 282.271
90, 643, 0, 0, 836, 2, 0.995307, 0.0111746, 0.0961168, 0.954001, -0.0410623, 0.948214, 0.314968, 0.071341, -0.0876196, -0.317436, 0.944223, 0.175883, 739.244, 696.56, 507.691, 282.271
91, 648, 0, 0, 802, 22, 0.994219, 0.00718981, 0.107129, 0.96092, -0.0414739, 0.946031, 0.32141, 0.0775608, -0.0990364, -0.323995, 0.940861, 0.177109, 739.244, 696.56, 507.691, 282.271
92, 656, 0, 0, 703, 38, 0.992112, -0.017069, 0.124185, 0.965695, -0.0239027, 0.946748, 0.321087, 0.0884204, -0.123053, -0.321523, 0.938872, 0.178792, 739.244, 696.56, 507.691, 282.271
93, 664, 0, 0, 530, 45, 0.98976, -0.00954623, 0.142425, 0.964259, -0.0359238, 0.948989, 0.313255, 0.0972521, -0.13815, -0.315164, 0.938928, 0.18062, 739.244, 696.56, 507.691, 282.271
94, 673, 0, 0, 809, 32, 0.99078, 0.0043473, 0.135414, 0.961202, -0.0404551, 0.96338, 0.265069, 0.109932, -0.129302, -0.268103, 0.954674, 0.167345, 739.244, 696.56, 507.691, 282.271
95, 680, 0, 0, 769, 37, 0.991624, -0.0014445, 0.129149, 0.955763, -0.0320863, 0.965835, 0.257165, 0.120144, -0.125108, -0.259155, 0.957699, 0.154017, 739.244, 696.56, 507.691, 282.271
72, 530, 0, 0, 327, 0, 0.987277, -0.0323453, 0.155688, 0.548545, -0.0138449, 0.95789, 0.286803, 0.070499, -0.158409, -0.285309, 0.945254, 0.258119, 739.244, 696.56, 507.691, 282.271
97, 703, 0, 0, 728, 47, 0.992284, -0.0121092, 0.123391, 0.932722, -0.0197509, 0.967071, 0.253739, 0.141055, -0.1224, -0.254218, 0.95937, 0.0901555, 739.244, 696.56, 507.691, 282.271
98, 715, 0, 0, 523, 57, 0.991934, -0.0159732, 0.125745, 0.91249, -0.0156181, 0.969067, 0.246302, 0.149325, -0.12579, -0.246279, 0.961001, 0.049549, 739.244, 696.56, 507.691, 282.271
99, 725, 0, 0, 443, 98, 0.991178, -0.0177616, 0.131344, 0.887058, -0.0140833, 0.971256, 0.237621, 0.151624, -0.131789, -0.237374, 0.962437, 0.0149263, 739.244, 696.56, 507.691, 282.271
86, 616, 0, 0, 610, 0, 0.997926, 0.0131311, 0.063021, 0.873057, -0.0310938, 0.955524, 0.293271, 0.0576831, -0.056367, -0.294622, 0.95395, 0.192212, 739.244, 696.56, 507.691, 282.271
101, 746, 0, 0, 446, 112, 0.988154, -0.0184057, 0.152355, 0.828711, -0.0171, 0.973393, 0.228501, 0.152578, -0.152507, -0.2284, 0.961548, -0.0681518, 739.244, 696.56, 507.691, 282.271
102, 757, 0, 0, 380, 135, 0.986075, -0.0189929, 0.165211, 0.793863, -0.018249, 0.975099, 0.22102, 0.153455, -0.165295, -0.220957, 0.961174, -0.10725, 739.244, 696.56, 507.691, 282.271
103, 766, 0, 0, 410, 134, 0.981159, -0.0367901, 0.189669, 0.760942, -0.00662854, 0.974715, 0.223355, 0.158796, -0.19309, -0.220404, 0.956106, -0.139888, 739.244, 696.56, 507.691, 282.271
104, 774, 0, 0, 446, 147, 0.977252, -0.0439164, 0.207482, 0.726297, -0.00494159, 0.973344, 0.229296, 0.162472, -0.212022, -0.225106, 0.950986, -0.172506, 739.244, 696.56, 507.691, 282.271
60, 462, 0, 0, 390, 0, 0.988133, 0.0595757, -0.141576, 0.327748, -0.0185227, 0.961208, 0.275201, 0.052787, 0.152479, -0.269313, 0.950905, 0.187229, 739.244, 696.56, 507.691, 282.271
106, 797, 0, 0, 406, 135, 0.976549, -0.0395684, 0.211629, 0.664954, -0.0123659, 0.971035, 0.238617, 0.173774, -0.21494, -0.235638, 0.947774, -0.238202, 739.244, 696.56, 507.691, 282.271
107, 811, 0, 0, 312, 140, 0.975495, -0.053538, 0.213407, 0.617104, 0.0010679, 0.971084, 0.238736, 0.176873, -0.220018, -0.232658, 0.947345, -0.279819, 739.244, 696.56, 507.691, 282.271
100, 736, 0, 0, 499, 25, 0.99006, -0.0197163, 0.13926, 0.85822, -0.0133018, 0.972562, 0.232263, 0.153551, -0.140018, -0.231807, 0.962632, -0.0257405, 739.244, 696.56, 507.691, 282.271
109, 838, 0, 0, 303, 192, 0.977866, -0.0505293, 0.203041, 0.530185, 0.00193949, 0.972549, 0.23269, 0.186541, -0.209225, -0.227146, 0.95112, -0.375155, 739.244, 696.56, 507.69, 282.271
110, 852, 0, 0, 379, 226, 0.985674, -0.0322835, 0.165544, 0.496932, -0.00489081, 0.975627, 0.219383, 0.188134, -0.168591, -0.217049, 0.961492, -0.424908, 739.244, 696.56, 507.691, 282.271
105, 784, 0, 0, 386, 56, 0.977524, -0.0391165, 0.207164, 0.709264, -0.0112111, 0.971602, 0.236357, 0.17197, -0.210527, -0.233367, 0.949325, -0.198721, 739.244, 696.56, 507.691, 282.271
111, 863, 0, 0, 453, 198, 0.987928, -0.0286113, 0.15225, 0.458937, -0.00531284, 0.975961, 0.21788, 0.193079, -0.154824, -0.216058, 0.964027, -0.472125, 739.244, 696.56, 507.691, 282.271
112, 886, 0, 0, 420, 181, 0.99142, -0.0211242, 0.128998, 0.408698, -0.00514892, 0.979779, 0.200018, 0.190622, -0.130614, -0.198966, 0.971263, -0.551075, 739.244, 696.56, 507.691, 282.271
114, 929, 0, 0, 380, 332, 0.99633, 0.00517277, 0.0854427, 0.38048, -0.0202202, 0.984146, 0.176203, 0.194658, -0.0831766, -0.177284, 0.980639, -0.7537, 739.244, 696.56, 507.691, 282.271
115, 957, 0, 0, 345, 286, 0.998109, 0.00884872, 0.0608249, 0.401589, -0.0191268, 0.985165, 0.170542, 0.19502, -0.0584135, -0.171383, 0.983471, -0.846348, 739.244, 696.56, 507.691, 282.271
77, 561, 0, 0, 423, 1, 0.992333, -0.0120106, 0.123004, 0.661274, -0.0246078, 0.956137, 0.291884, 0.0672119, -0.121114, -0.292673, 0.948511, 0.246462, 739.244, 696.56, 507.691, 282.271
116, 984, 0, 0, 441, 251, 0.997785, 0.020934, 0.0631388, 0.425414, -0.0305593, 0.987352, 0.155567, 0.194089, -0.0590836, -0.157152, 0.985805, -0.963085, 739.244, 696.56, 507.691, 282.271
118, 1046, 0, 0, 271, 308, 0.998796, 0.0378894, 0.0311666, 0.479736, -0.0419294, 0.989081, 0.141282, 0.204504, -0.0254732, -0.142419, 0.989479, -1.19929, 739.244, 696.56, 507.691, 282.271
119, 1070, 0, 0, 185, 245, 0.998669, 0.0352527, 0.0376584, 0.534883, -0.0400236, 0.990099, 0.134542, 0.210441, -0.0325425, -0.135871, 0.990192, -1.29527, 739.244, 696.56, 507.691, 282.271
120, 1104, 0, 0, 191, 205, 0.997385, 0.0426416, 0.0583563, 0.594905, -0.0501945, 0.989604, 0.134775, 0.215209, -0.0520026, -0.137351, 0.989156, -1.33266, 739.244, 696.56, 507.691, 282.271
121, 1119, 0, 0, 246, 182, 0.997619, 0.0466022, 0.0508416, 0.659345, -0.0528467, 0.990191, 0.12934, 0.212958, -0.0443154, -0.131719, 0.990296, -1.37422, 739.244, 696.56, 507.691, 282.271
122, 1137, 0, 0, 191, 142, 0.997874, 0.055846, 0.0335957, 0.712348, -0.0597938, 0.989569, 0.131066, 0.217061, -0.0259257, -0.132797, 0.990804, -1.41229, 739.244, 696.56, 507.691, 282.271
123, 1157, 0, 0, 230, 111, 0.998114, 0.0498057, 0.0358762, 0.786343, -0.0540585, 0.990115, 0.129422, 0.216611, -0.0290757, -0.131117, 0.99094, -1.4386, 739.244, 696.56, 507.691, 282.271
124, 1172, 0, 0, 228, 70, 0.998336, 0.0474385, 0.0327837, 0.864433, -0.0512834, 0.990368, 0.128615, 0.212449, -0.0263666, -0.130082, 0.991153, -1.46484, 739.244, 696.56, 507.691, 282.271
113, 911, 0, 0, 517, 23, 0.994929, -0.00220679, 0.100559, 0.377345, -0.0165544, 0.982533, 0.18535, 0.191823, -0.099212, -0.186075, 0.977514, -0.6473, 739.244, 696.56, 507.691, 282.271
126, 1208, 0, 0, 309, 54, 0.99789, 0.0473532, 0.0444315, 1.01295, -0.0521419, 0.99215, 0.113666, 0.200743, -0.0387002, -0.115743, 0.992525, -1.50441, 739.244, 696.56, 507.691, 282.271
127, 1222, 0, 0, 242, 39, 0.998557, 0.0448199, 0.0295822, 1.09118, -0.0478854, 0.992475, 0.112693, 0.195813, -0.0243087, -0.113947, 0.993189, -1.53447, 739.244, 696.56, 507.691, 282.271
128, 1239, 0, 0, 291, 12, 0.99827, 0.0426536, 0.0404759, 1.13576, -0.0465075, 0.993939, 0.0996137, 0.191576, -0.0359816, -0.101324, 0.994203, -1.54583, 739.244, 696.56, 507.691, 282.271
129, 1259, 0, 0, 377, 4, 0.997773, 0.0531661, 0.0402789, 1.21245, -0.0564854, 0.994664, 0.0863271, 0.184231, -0.0354743, -0.0884101, 0.995452, -1.56768, 739.244, 696.56, 507.691, 282.271
130, 1281, 0, 0, 215, 1, 0.996268, 0.0379226, 0.0775427, 1.24879, -0.042914, 0.997043, 0.0637504, 0.168955, -0.0748958, -0.0668401, 0.994949, -1.57128, 739.244, 696.56, 507.691, 282.271
131, 1292, 0, 0, 198, 0, 0.993726, 0.0268086, 0.10858, 1.30638, -0.0333699, 0.997696, 0.0590693, 0.167332, -0.106747, -0.062322, 0.992331, -1.5933, 739.244, 696.56, 507.691, 282.271
132, 1309, 0, 0, 294, 0, 0.989002, 0.0254282, 0.1457, 1.36473, -0.0354388, 0.997155, 0.0665282, 0.167819, -0.143594, -0.07096, 0.987089, -1.60857, 739.244, 696.56, 507.691, 282.271
133, 1325, 0, 0, 184, 0, 0.980779, 0.014225, 0.194605, 1.40939, -0.0272829, 0.997539, 0.0645844, 0.162702, -0.193208, -0.0686524, 0.978753, -1.60384, 739.244, 696.56, 507.691, 282.271
134, 1338, 0, 0, 329, 0, 0.969091, -0.00409695, 0.246669, 1.4426, -0.0110226, 0.998145, 0.0598828, 0.164559, -0.246456, -0.0607509, 0.967248, -1.60215, 739.244, 696.56, 507.691, 282.271
135, 1352, 0, 0, 252, 0, 0.956738, -0.0223737, 0.290091, 1.48205, 0.0012249, 0.99734, 0.0728817, 0.172364, -0.29095, -0.0693733, 0.95422, -1.56938, 739.244, 696.56, 507.691, 282.271
136, 1362, 0, 0, 289, 0, 0.951755, -0.0209541, 0.306141, 1.56208, -0.000834234, 0.997485, 0.0708671, 0.175175, -0.306856, -0.0677035, 0.949345, -1.5715, 739.244, 696.56, 507.691, 282.271
108, 821, 0, 0, 505, 0, 0.974692, -0.0537987, 0.216983, 0.572228, 0.000394918, 0.971024, 0.238981, 0.177567, -0.223553, -0.232847, 0.94647, -0.313283, 739.244, 696.56, 507.691, 282.271
96, 690, 0, 0, 769, 0, 0.992228, 0.000214988, 0.124429, 0.947879, -0.0326724, 0.96536, 0.258869, 0.133731, -0.120063, -0.260923, 0.957864, 0.132318, 739.244, 696.56, 507.691, 282.271
117, 1011, 0, 0, 554, 0, 0.998749, 0.020455, 0.0456296, 0.452408, -0.0268216, 0.989272, 0.1436, 0.192167, -0.0422027, -0.144645, 0.988583, -1.0642, 739.244, 696.56, 507.691, 282.271
138, 1393, 0, 0, 414, 0, 0.937646, -0.0418573, 0.345063, 1.72171, 0.0171676, 0.997088, 0.0743005, 0.173807, -0.347168, -0.0637437, 0.935634, -1.53506, 739.243, 696.56, 507.692, 282.271
139, 1412, 0, 0, 483, 2, 0.928778, -0.0333188, 0.369137, 1.80139, 0.00935397, 0.997741, 0.0665222, 0.181659, -0.370519, -0.0583314, 0.926991, -1.49171, 739.243, 696.56, 507.692, 282.271
125, 1197, 0, 0, 280, 0, 0.998338, 0.0397248, 0.0417577, 0.938472, -0.0442344, 0.992576, 0.113297, 0.205489, -0.036947, -0.114956, 0.992683, -1.47698, 739.244, 696.56, 507.692, 282.271
141, 1457, 0, 0, 529, 1, 0.912422, -0.0332582, 0.407898, 1.99681, 0.00550059, 0.997599, 0.0690357, 0.190525, -0.409215, -0.060746, 0.910414, -1.38773, 739.243, 696.56, 507.691, 282.271
143, 1512, 0, 0, 573, 5, 0.896103, -0.06019, 0.439746, 2.19568, 0.0163961, 0.994575, 0.10272, 0.192658, -0.443543, -0.084838, 0.892229, -1.23328, 739.243, 696.56, 507.691, 282.271
145, 1558, 0, 0, 675, 72, 0.915554, -0.0429923, 0.399891, 2.33595, -0.00906997, 0.991811, 0.127395, 0.199116, -0.402093, -0.120264, 0.907666, -1.04984, 739.243, 696.56, 507.692, 282.271
146, 1569, 0, 0, 539, 186, 0.921535, -0.0412941, 0.386092, 2.35523, -0.0231198, 0.98673, 0.160717, 0.216164, -0.387605, -0.157033, 0.908352, -1.00421, 739.243, 696.56, 507.692, 282.271
147, 1578, 0, 0, 521, 137, 0.929846, -0.0323131, 0.366526, 2.36661, -0.0351031, 0.983802, 0.175786, 0.225434, -0.36627, -0.17632, 0.913651, -0.975164, 739.243, 696.561, 507.692, 282.27
140, 1430, 0, 0, 575, 2, 0.917748, -0.0320919, 0.395865, 1.89356, 0.00580093, 0.997707, 0.0674335, 0.179245, -0.397121, -0.0595906, 0.915829, -1.45004, 739.243, 696.561, 507.692, 282.27
149, 1617, 0, 0, 690, 153, 0.936934, -0.0170073, 0.349092, 2.39988, -0.0384847, 0.987722, 0.15141, 0.21958, -0.347381, -0.155296, 0.924775, -0.849329, 739.243, 696.561, 507.692, 282.27
144, 1536, 0, 0, 505, 2, 0.910028, -0.0400775, 0.412604, 2.27329, -0.003979, 0.994425, 0.105368, 0.176627, -0.414527, -0.0975293, 0.904796, -1.13982, 739.243, 696.561, 507.692, 282.269
151, 1644, 0, 0, 619, 167, 0.931173, -0.0313574, 0.363227, 2.44972, -0.0149268, 0.99218, 0.123922, 0.159462, -0.364272, -0.120814, 0.923423, -0.711922, 739.243, 696.561, 507.692, 282.269
152, 1659, 0, 0, 545, 155, 0.923572, -0.0259974, 0.382542, 2.44597, -0.0282324, 0.990379, 0.135467, 0.126167, -0.382384, -0.135914, 0.913953, -0.659186, 739.243, 696.561, 507.692, 282.269
153, 1671, 0, 0, 623, 167, 0.909348, -0.0399328, 0.414115, 2.47684, -0.0206, 0.98984, 0.140685, 0.0938179, -0.415526, -0.136462, 0.899287, -0.644192, 739.243, 696.561, 507.692, 282.269
154, 1681, 0, 0, 674, 163, 0.905202, -0.0386312, 0.423222, 2.51502, -0.0208424, 0.990626, 0.135002, 0.0649223, -0.42447, -0.131025, 0.895912, -0.645741, 739.243, 696.56, 507.692, 282.269
155, 1694, 0, 0, 611, 119, 0.897741, -0.0439452, 0.438326, 2.54861, -0.0167647, 0.990883, 0.133679, 0.0346784, -0.440204, -0.127357, 0.88882, -0.649745, 739.243, 696.56, 507.692, 282.269
156, 1705, 0, 0, 632, 82, 0.891282, -0.0360369, 0.452015, 2.58459, -0.0335855, 0.988853, 0.14506, 0.00688522, -0.452204, -0.144471, 0.880136, -0.657309, 739.243, 696.561, 507.692, 282.269
157, 1718, 0, 0, 633, 38, 0.882924, -0.0599481, 0.465673, 2.61712, -0.0261519, 0.983996, 0.176259, -0.0150173, -0.468787, -0.167801, 0.867227, -0.669495, 739.243, 696.561, 507.692, 282.269
158, 1730, 0, 0, 527, 14, 0.878992, -0.0671333, 0.472087, 2.65298, -0.0353717, 0.978132, 0.204955, -0.0340026, -0.475523, -0.196852, 0.857396, -0.683575, 739.243, 696.561, 507.692, 282.269
