1, 18, 0, 0, 503, 19, 0.999975, -0.00451115, 0.00549812, 0.00299806, 0.00451512, 0.99999, -0.000710269, 0.0036088, -0.00549486, 0.000735076, 0.999985, 0.0332966, 739.244, 696.561, 507.691, 282.272
3, 60, 0, 0, 451, 138, 0.999386, 0.00158959, 0.0350083, 0.00455643, -0.00222068, 0.999836, 0.0179954, 0.0072356, -0.0349739, -0.018062, 0.999225, 0.155477, 739.244, 696.561, 507.691, 282.272
5, 90, 0, 0, 101, 189, 0.997794, -0.0145533, 0.0647695, -0.00501442, 0.0141896, 0.999881, 0.00607159, 0.00100983, -0.0648502, -0.00513915, 0.997882, 0.263827, 739.245, 696.56, 507.692, 282.272
6, 99, 0, 0, 300, 239, 0.998403, -0.00900383, 0.0557701, 0.0287158, 0.00892857, 0.999959, 0.00159841, 0.00119319, -0.0557822, -0.00109791, 0.998442, 0.283389, 739.245, 696.561, 507.691, 282.272
8, 125, 0, 0, 352, 380, 0.998409, 0.0027326, 0.0563174, 0.0802361, -0.00335588, 0.999934, 0.0109756, 0.0266725, -0.0562837, -0.0111471, 0.998353, 0.342196, 739.245, 696.561, 507.691, 282.272
9, 133, 0, 0, 415, 355, 0.998373, -0.00153963, 0.0569972, 0.0919356, -0.000374407, 0.999437, 0.0335554, 0.0382934, -0.0570168, -0.0335222, 0.99781, 0.353717, 739.245, 696.561, 507.691, 282.272
10, 139, 0, 0, 558, 310, 0.99824, -0.00339485, 0.0592016, 0.101234, -0.000224168, 0.998137, 0.0610168, 0.0493906, -0.0592985, -0.0609227, 0.99638, 0.361644, 739.245, 696.561, 507.691, 282.272
2, 40, 0, 0, 563, 11, 0.999838, 0.0029024, 0.017766, -0.00170676, -0.00305506, 0.999959, 0.00857187, 0.00557329, -0.0177404, -0.00862476, 0.999805, 0.0935118, 739.245, 696.56, 507.691, 282.272
12, 150, 0, 0, 491, 235, 0.997822, -0.01384, 0.0644997, 0.115495, 0.00847765, 0.99654, 0.0826815, 0.0726545, -0.0654208, -0.0819546, 0.994487, 0.372878, 739.245, 696.56, 507.691, 282.272
13, 155, 0, 0, 461, 245, 0.997391, -0.0255109, 0.0675359, 0.120281, 0.0201135, 0.996638, 0.0794256, 0.0821246, -0.069335, -0.0778599, 0.99455, 0.378923, 739.245, 696.56, 507.691, 282.272
14, 163, 0, 0, 397, 300, 0.996927, -0.0370045, 0.0690483, 0.128547, 0.0351326, 0.998987, 0.0281309, 0.0988397, -0.0700193, -0.0256186, 0.997217, 0.387688, 739.245, 696.56, 507.691, 282.272
15, 170, 0, 0, 477, 233, 0.996659, -0.0438176, 0.0689195, 0.123494, 0.0423487, 0.998847, 0.0226329, 0.119598, -0.0698317, -0.0196387, 0.997365, 0.39249, 739.245, 696.56, 507.691, 282.272
16, 175, 0, 0, 455, 147, 0.996425, -0.0427878, 0.0728417, 0.119013, 0.0406176, 0.998693, 0.0310191, 0.135824, -0.0740737, -0.0279496, 0.996861, 0.394237, 739.245, 696.561, 507.691, 282.272
17, 180, 0, 0, 461, 109, 0.995918, -0.0480934, 0.0763872, 0.118532, 0.0428271, 0.996687, 0.0691451, 0.146876, -0.0794596, -0.0655914, 0.994678, 0.390751, 739.245, 696.561, 507.691, 282.272
18, 187, 0, 0, 482, 55, 0.995846, -0.0526006, 0.0743243, 0.119472, 0.0450966, 0.994039, 0.0992648, 0.154086, -0.0791026, -0.0955006, 0.992281, 0.387828, 739.245, 696.561, 507.691, 282.272
0, 0, 0, 0, 871, 0, 1, 3.81408e-05, 4.41843e-06, 0.00020343, -3.81416e-05, 1, 0.000186266, 0.000116338, -4.41133e-06, -0.000186266, 1, -0.000145577, 739.245, 696.561, 507.691, 282.272
20, 202, 0, 0, 642, 56, 0.995907, -0.0581516, 0.0691944, 0.123678, 0.047537, 0.988109, 0.146222, 0.185469, -0.0768747, -0.142334, 0.986829, 0.388778, 739.244, 696.561, 507.691, 282.272
21, 206, 0, 0, 553, 77, 0.995249, -0.0628683, 0.0743432, 0.12302, 0.0503385, 0.985864, 0.159804, 0.197013, -0.0833389, -0.155302, 0.984345, 0.388149, 739.245, 696.561, 507.691, 282.272
22, 212, 0, 0, 582, 96, 0.993506, -0.0686137, 0.090762, 0.122232, 0.0516003, 0.982669, 0.178041, 0.215116, -0.101405, -0.172202, 0.979828, 0.386563, 739.244, 696.561, 507.691, 282.272
7, 111, 0, 0, 548, 1, 0.998522, -0.000362141, 0.0543551, 0.0578578, 0.000373974, 1, -0.000207524, 0.0130334, -0.054355, 0.000227544, 0.998522, 0.309335, 739.244, 696.561, 507.691, 282.272
24, 224, 0, 0, 526, 56, 0.991535, -0.0701176, 0.10928, 0.123556, 0.0459061, 0.976602, 0.210098, 0.252475, -0.121454, -0.203303, 0.971554, 0.373983, 739.245, 696.561, 507.692, 282.272
4, 73, 0, 0, 419, 0, 0.998693, -0.00645424, 0.0506955, -0.00506996, 0.00567713, 0.999864, 0.0154581, 0.00543304, -0.0507884, -0.0151501, 0.998595, 0.208164, 739.245, 696.561, 507.692, 282.272
25, 230, 0, 0, 238, 7, 0.99251, -0.0624753, 0.104981, 0.123438, 0.0389228, 0.976274, 0.21301, 0.260951, -0.115798, -0.207328, 0.971394, 0.370395, 739.245, 696.561, 507.692, 282.272
27, 246, 0, 0, 486, 29, 0.99759, -0.0693816, 0.000209018, 0.109667, 0.0680923, 0.979621, 0.18896, 0.25368, -0.0133151, -0.188491, 0.981985, 0.3877, 739.245, 696.561, 507.692, 282.272
28, 254, 0, 0, 257, 9, 0.995968, -0.0584076, -0.0680857, 0.102345, 0.0693076, 0.982888, 0.170668, 0.251236, 0.0569523, -0.174699, 0.982973, 0.390138, 739.245, 696.561, 507.692, 282.272
29, 258, 0, 0, 528, 5, 0.990213, -0.0566108, -0.127571, 0.0927038, 0.0768592, 0.984143, 0.159862, 0.250103, 0.116498, -0.168103, 0.978861, 0.389836, 739.245, 696.561, 507.692, 282.272
23, 217, 0, 0, 565, 1, 0.99272, -0.0680662, 0.0993678, 0.124448, 0.0478306, 0.979951, 0.193414, 0.232929, -0.110541, -0.187253, 0.976072, 0.378447, 739.245, 696.561, 507.692, 282.272
31, 272, 0, 0, 471, 9, 0.977486, -0.0404346, -0.207088, 0.0770389, 0.0709401, 0.987311, 0.142072, 0.243507, 0.198716, -0.153564, 0.967951, 0.37195, 739.245, 696.561, 507.692, 282.272
32, 277, 0, 0, 446, 9, 0.971955, -0.030176, -0.233222, 0.0717818, 0.0632644, 0.988724, 0.135726, 0.243019, 0.226497, -0.146674, 0.962905, 0.364143, 739.245, 696.561, 507.692, 282.272
33, 283, 0, 0, 469, 6, 0.964268, -0.0259139, -0.263659, 0.0658553, 0.0603006, 0.990551, 0.123177, 0.242224, 0.257975, -0.134675, 0.956719, 0.359287, 739.245, 696.561, 507.692, 282.272
34, 288, 0, 0, 531, 2, 0.957572, -0.0295518, -0.286674, 0.0613783, 0.064486, 0.991478, 0.113195, 0.23918, 0.280886, -0.126879, 0.951317, 0.351647, 739.245, 696.561, 507.692, 282.272
35, 296, 0, 0, 454, 3, 0.946094, -0.0342343, -0.322079, 0.0551799, 0.0689454, 0.992895, 0.0969877, 0.234396, 0.31647, -0.113965, 0.941732, 0.341083, 739.245, 696.561, 507.692, 282.272
36, 303, 0, 0, 396, 1, 0.933528, -0.0363476, -0.356657, 0.0500095, 0.0698811, 0.994213, 0.0815874, 0.230539, 0.351627, -0.101088, 0.930666, 0.330712, 739.245, 696.561, 507.692, 282.272
37, 309, 0, 0, 541, 0, 0.917785, -0.0437832, -0.394657, 0.0448722, 0.077719, 0.994486, 0.0704096, 0.227111, 0.389398, -0.0952932, 0.916127, 0.323337, 739.245, 696.561, 507.692, 282.272
38, 315, 0, 0, 583, 0, 0.903457, -0.0518617, -0.42553, 0.0409898, 0.0832958, 0.994973, 0.0555853, 0.221012, 0.420508, -0.0856637, 0.903236, 0.31916, 739.245, 696.561, 507.692, 282.272
39, 324, 0, 0, 634, 0, 0.896045, -0.0606295, -0.439803, 0.0365464, 0.08119, 0.996303, 0.0280684, 0.211937, 0.436476, -0.0608582, 0.897655, 0.322726, 739.245, 696.561, 507.692, 282.272
40, 328, 0, 0, 591, 0, 0.893272, -0.0653821, -0.444737, 0.0363714, 0.0815316, 0.996521, 0.0172579, 0.207986, 0.442062, -0.0516761, 0.895495, 0.324519, 739.245, 696.561, 507.692, 282.272
30, 263, 0, 0, 303, 0, 0.986216, -0.0528157, -0.156807, 0.0862393, 0.0769259, 0.985396, 0.151914, 0.24639, 0.146493, -0.161883, 0.975876, 0.384371, 739.245, 696.561, 507.691, 282.272
11, 143, 0, 0, 631, 0, 0.99815, -0.0155624, 0.058781, 0.107257, 0.011146, 0.997142, 0.0747266, 0.0568432, -0.0597759, -0.0739332, 0.99547, 0.365872, 739.245, 696.561, 507.692, 282.272
42, 342, 0, 0, 564, 1, 0.883867, -0.0836865, -0.460192, 0.0401791, 0.0757143, 0.996487, -0.0357919, 0.18561, 0.46157, -0.00320785, 0.887098, 0.317224, 739.245, 696.561, 507.692, 282.272
44, 351, 0, 0, 749, 219, 0.884512, -0.0979104, -0.456126, 0.0378596, 0.0805358, 0.995096, -0.0574299, 0.16765, 0.459513, 0.014063, 0.88806, 0.319413, 739.245, 696.561, 507.692, 282.272
45, 356, 0, 0, 305, 519, 0.886423, -0.0948492, -0.453055, 0.0388133, 0.0738771, 0.995224, -0.063811, 0.159112, 0.456943, 0.0230931, 0.889196, 0.317399, 739.245, 696.561, 507.691, 282.272
43, 346, 0, 0, 779, 11, 0.886135, -0.0888845, -0.454823, 0.0361108, 0.0770356, 0.996032, -0.0445621, 0.177404, 0.456979, 0.00445054, 0.889466, 0.316306, 739.245, 696.561, 507.691, 282.271
19, 196, 0, 0, 522, 0, 0.996162, -0.0528854, 0.0697416, 0.121121, 0.0438821, 0.991206, 0.124841, 0.170021, -0.0757306, -0.121302, 0.989723, 0.38943, 739.245, 696.561, 507.691, 282.271
47, 370, 0, 0, 537, 390, 0.879766, -0.0842093, -0.467889, 0.0580906, 0.0616838, 0.996087, -0.0632896, 0.143226, 0.471388, 0.0268188, 0.881518, 0.299704, 739.245, 696.561, 507.691, 282.271
48, 380, 0, 0, 461, 411, 0.872993, -0.0794874, -0.481211, 0.0694823, 0.0581616, 0.996556, -0.0590988, 0.128669, 0.484252, 0.0236048, 0.87461, 0.284846, 739.245, 696.561, 507.691, 282.271
49, 390, 0, 0, 493, 367, 0.863723, -0.0646099, -0.499808, 0.0860919, 0.047981, 0.997785, -0.0460667, 0.11384, 0.501677, 0.0158076, 0.86491, 0.267791, 739.245, 696.561, 507.691, 282.271
50, 399, 0, 0, 406, 292, 0.852328, -0.0609909, -0.519439, 0.104366, 0.0511184, 0.998137, -0.0333197, 0.0996576, 0.520504, 0.00184644, 0.853857, 0.245745, 739.245, 696.561, 507.692, 282.271
41, 334, 0, 0, 582, 0, 0.890049, -0.0688417, -0.450636, 0.0351634, 0.0751804, 0.997163, -0.00384368, 0.199423, 0.449622, -0.030458, 0.892699, 0.325121, 739.245, 696.561, 507.692, 282.271
52, 412, 0, 0, 471, 236, 0.869504, -0.0537222, -0.490996, 0.0922538, 0.0532249, 0.99847, -0.0149915, 0.0679835, 0.49105, -0.013098, 0.871033, 0.192916, 739.245, 696.561, 507.691, 282.272
26, 238, 0, 0, 394, 0, 0.996545, -0.0560663, 0.0612697, 0.118095, 0.0428521, 0.979075, 0.198939, 0.262499, -0.0711413, -0.195626, 0.978095, 0.375429, 739.245, 696.561, 507.692, 282.272
54, 427, 0, 0, 455, 258, 0.902012, -0.084543, -0.423352, 0.110067, 0.0928857, 0.995676, -0.000929537, 0.0330221, 0.4216, -0.0384849, 0.905965, 0.153854, 739.245, 696.561, 507.692, 282.272
55, 433, 0, 0, 341, 360, 0.904152, -0.1121, -0.412242, 0.138323, 0.116707, 0.993067, -0.0140726, 0.0219687, 0.410961, -0.035388, 0.910966, 0.155574, 739.245, 696.561, 507.692, 282.272
57, 445, 0, 0, 167, 417, 0.897304, -0.129008, -0.42214, 0.188246, 0.123145, 0.991531, -0.0412596, 0.000446475, 0.423888, -0.014962, 0.905591, 0.148696, 739.245, 696.561, 507.692, 282.272
58, 455, 0, 0, 269, 345, 0.894203, -0.146912, -0.422868, 0.205579, 0.128071, 0.989089, -0.0728065, -0.0133362, 0.428951, 0.0109468, 0.903262, 0.142411, 739.245, 696.561, 507.692, 282.272
51, 403, 0, 0, 596, 34, 0.861599, -0.0559371, -0.504498, 0.0883696, 0.0518691, 0.998409, -0.0221164, 0.0882889, 0.504933, -0.00711238, 0.863129, 0.22543, 739.245, 696.561, 507.692, 282.272
59, 467, 0, 0, 333, 73, 0.88573, -0.195189, -0.421169, 0.211892, 0.157775, 0.979871, -0.122311, -0.0308735, 0.436565, 0.0418849, 0.898697, 0.141406, 739.245, 696.561, 507.692, 282.272
61, 490, 0, 0, 289, 32, 0.893157, -0.247348, -0.375619, 0.218663, 0.177353, 0.961208, -0.211248, -0.0675411, 0.413299, 0.12206, 0.902377, 0.131006, 739.245, 696.561, 507.692, 282.272
60, 478, 0, 0, 344, 15, 0.898536, -0.204973, -0.388097, 0.2049, 0.152363, 0.974932, -0.162153, -0.0526034, 0.411605, 0.0865682, 0.907241, 0.131496, 739.245, 696.561, 507.692, 282.272
63, 518, 0, 0, 280, 17, 0.857103, -0.276878, -0.434411, 0.232237, 0.162373, 0.945497, -0.282259, -0.0578759, 0.488886, 0.171389, 0.855346, 0.078152, 739.245, 696.561, 507.692, 282.272
56, 437, 0, 0, 550, 5, 0.899211, -0.12027, -0.420659, 0.16868, 0.119979, 0.992402, -0.0272658, 0.0172715, 0.420742, -0.0259528, 0.906809, 0.156187, 739.245, 696.561, 507.692, 282.272
64, 535, 0, 0, 388, 11, 0.835782, -0.272028, -0.476937, 0.233123, 0.14685, 0.947745, -0.283221, -0.0496497, 0.529059, 0.166673, 0.832056, 0.0477193, 739.245, 696.561, 507.692, 282.272
65, 554, 0, 0, 502, 18, 0.829234, -0.237328, -0.506009, 0.239055, 0.127125, 0.961726, -0.242739, -0.0329364, 0.544251, 0.136961, 0.827667, -0.0244726, 739.245, 696.561, 507.692, 282.272
67, 577, 0, 0, 608, 50, 0.817626, -0.20459, -0.538174, 0.226447, 0.128535, 0.976006, -0.175757, -0.0179063, 0.561219, 0.0745288, 0.824305, -0.107746, 739.245, 696.561, 507.692, 282.271
68, 586, 0, 0, 385, 71, 0.832161, -0.176637, -0.52565, 0.23622, 0.129832, 0.983626, -0.124994, -0.0118183, 0.539121, 0.0357687, 0.841468, -0.11226, 739.245, 696.561, 507.692, 282.271
46, 362, 0, 0, 801, 1, 0.883313, -0.0903785, -0.459989, 0.0468711, 0.0674953, 0.995535, -0.0659918, 0.151204, 0.4639, 0.0272443, 0.885469, 0.314696, 739.245, 696.561, 507.692, 282.272
70, 609, 0, 0, 375, 32, 0.813003, -0.10285, -0.573104, 0.254118, 0.0994816, 0.994339, -0.0373214, -0.00275401, 0.573699, -0.0266709, 0.818632, -0.129246, 739.245, 696.561, 507.692, 282.272
71, 627, 0, 0, 289, 3, 0.77574, -0.0818348, -0.625724, 0.250963, 0.0965069, 0.995277, -0.0105222, -0.000504264, 0.623629, -0.0522241, 0.779974, -0.121091, 739.245, 696.561, 507.691, 282.272
72, 631, 0, 0, 461, 3, 0.738778, -0.0688915, -0.670419, 0.245169, 0.080339, 0.996671, -0.013886, 0.000147602, 0.669144, -0.0436021, 0.741853, -0.114983, 739.245, 696.561, 507.691, 282.272
73, 636, 0, 0, 425, 0, 0.691882, -0.0567838, -0.719775, 0.237019, 0.0613179, 0.997922, -0.0197855, 0.000276041, 0.719403, -0.0304458, 0.693926, -0.102531, 739.245, 696.561, 507.692, 282.272
74, 647, 0, 0, 102, 0, 0.656626, -0.0616975, -0.751689, 0.216732, 0.0488632, 0.998035, -0.0392335, -0.00312924, 0.752632, -0.0109682, 0.65835, -0.0788519, 739.245, 696.561, 507.692, 282.272
75, 652, 0, 0, 344, 0, 0.614284, -0.0694106, -0.786027, 0.232193, 0.0421384, 0.997588, -0.0551613, -0.000555301, 0.787959, 0.000762833, 0.615727, -0.0449922, 739.245, 696.561, 507.692, 282.272
76, 666, 0, 0, 93, 0, 0.575749, -0.0779675, -0.813901, 0.225852, 0.0333203, 0.996853, -0.0719228, -0.00291086, 0.816947, 0.01429, 0.576535, -0.0213492, 739.245, 696.561, 507.692, 282.272
77, 675, 0, 0, 146, 0, 0.58032, -0.0753847, -0.810892, 0.204208, 0.0319433, 0.997047, -0.0698302, -0.00716485, 0.813762, 0.0146213, 0.581015, -0.0388318, 739.245, 696.561, 507.692, 282.272
78, 682, 0, 0, 199, 0, 0.584619, -0.0773503, -0.807612, 0.184029, 0.040194, 0.996984, -0.0663918, -0.0103883, 0.810312, 0.00635274, 0.585964, -0.0607801, 739.245, 696.561, 507.692, 282.272
79, 688, 0, 0, 225, 0, 0.599685, -0.0798132, -0.796246, 0.166751, 0.0448971, 0.996802, -0.0661025, -0.0131643, 0.798976, 0.00389155, 0.601351, -0.0825007, 739.245, 696.561, 507.692, 282.272
80, 693, 0, 0, 241, 0, 0.613631, -0.0800967, -0.78552, 0.154552, 0.0473335, 0.996784, -0.0646626, -0.0148707, 0.788173, 0.00249758, 0.615449, -0.0981721, 739.245, 696.561, 507.692, 282.272
81, 698, 0, 0, 206, 0, 0.625881, -0.0819939, -0.775597, 0.145537, 0.0559135, 0.996617, -0.0602392, -0.014078, 0.777912, -0.00566379, 0.628348, -0.117917, 739.245, 696.561, 507.692, 282.272
82, 704, 0, 0, 232, 0, 0.624729, -0.0739284, -0.777334, 0.133775, 0.0542233, 0.997212, -0.0512616, -0.0140299, 0.778956, -0.0101249, 0.626996, -0.134265, 739.245, 696.561, 507.692, 282.272
66, 566, 0, 0, 339, 0, 0.808022, -0.228691, -0.542955, 0.241353, 0.118359, 0.96581, -0.230655, -0.0211782, 0.57714, 0.12211, 0.807464, -0.0596637, 739.245, 696.561, 507.692, 282.272
84, 718, 0, 0, 314, 0, 0.608867, -0.0548345, -0.791375, 0.100762, 0.0415837, 0.998443, -0.0371886, -0.0178694, 0.792182, -0.0102654, 0.610199, -0.15394, 739.245, 696.561, 507.692, 282.272
85, 725, 0, 0, 263, 0, 0.592443, -0.0661164, -0.802895, 0.0796144, 0.0517862, 0.997691, -0.0439451, -0.0213689, 0.803946, -0.0155439, 0.594499, -0.159845, 739.245, 696.561, 507.692, 282.272
86, 734, 0, 0, 281, 0, 0.578696, -0.0733424, -0.812239, 0.0535707, 0.0515878, 0.997245, -0.0532932, -0.0273368, 0.81391, -0.011061, 0.580885, -0.167443, 739.245, 696.561, 507.692, 282.272
87, 745, 0, 0, 243, 0, 0.569133, -0.0894561, -0.817365, 0.0334282, 0.0650608, 0.995847, -0.063688, -0.0312567, 0.819667, -0.0169314, 0.57259, -0.178966, 739.245, 696.561, 507.692, 282.272
53, 419, 0, 0, 632, 0, 0.890439, -0.0463806, -0.452732, 0.092039, 0.0496773, 0.998755, -0.00461236, 0.053373, 0.452382, -0.0183835, 0.891635, 0.166719, 739.245, 696.561, 507.692, 282.272
89, 761, 0, 0, 319, 0, 0.526499, -0.0913125, -0.845258, 0.00872256, 0.0614123, 0.995703, -0.0693121, -0.0323519, 0.847955, -0.0154165, 0.529844, -0.204569, 739.245, 696.561, 507.692, 282.272
90, 767, 0, 0, 321, 0, 0.519438, -0.0925286, -0.849484, -0.00256923, 0.0614476, 0.995591, -0.0708694, -0.0327562, 0.852296, -0.0153864, 0.522834, -0.22122, 739.245, 696.561, 507.692, 282.272
91, 773, 0, 0, 361, 0, 0.522489, -0.0908169, -0.847796, -0.0103731, 0.0622172, 0.995722, -0.068319, -0.0330145, 0.850373, -0.0170515, 0.525904, -0.239988, 739.245, 696.561, 507.691, 282.272
92, 782, 0, 0, 499, 1, 0.530561, -0.0823698, -0.843635, -0.0173625, 0.0635973, 0.99633, -0.0572822, -0.0329014, 0.845257, -0.0232611, 0.533853, -0.261753, 739.245, 696.561, 507.692, 282.272
93, 791, 0, 0, 514, 0, 0.541835, -0.0765117, -0.836995, -0.033153, 0.0716558, 0.996427, -0.0446989, -0.0317022, 0.837425, -0.0357561, 0.545381, -0.280015, 739.245, 696.561, 507.692, 282.272
83, 711, 0, 0, 290, 0, 0.60645, -0.0608423, -0.792791, 0.130061, 0.0465839, 0.998074, -0.040962, -0.0145757, 0.793756, -0.0120899, 0.608116, -0.137247, 739.245, 696.561, 507.691, 282.272
95, 812, 0, 0, 561, 0, 0.548411, -0.0670018, -0.83352, -0.109322, 0.0879496, 0.995878, -0.0221868, -0.0429858, 0.831571, -0.0611403, 0.552043, -0.28587, 739.245, 696.561, 507.692, 282.272
62, 505, 0, 0, 300, 0, 0.876892, -0.265805, -0.40051, 0.223025, 0.168261, 0.950222, -0.262234, -0.0594925, 0.450276, 0.162561, 0.877967, 0.117865, 739.245, 696.561, 507.692, 282.272
97, 829, 0, 0, 616, 6, 0.560682, -0.0350469, -0.827289, -0.159821, 0.0657673, 0.997832, 0.00230108, -0.0527058, 0.825415, -0.0556987, 0.561772, -0.271444, 739.245, 696.561, 507.691, 282.271
96, 822, 0, 0, 621, 0, 0.567064, -0.0568542, -0.821709, -0.147756, 0.08502, 0.996326, -0.0102635, -0.0516044, 0.819274, -0.0640416, 0.569814, -0.279735, 739.245, 696.561, 507.691, 282.271
69, 597, 0, 0, 356, 0, 0.826429, -0.139593, -0.545462, 0.250057, 0.116198, 0.990209, -0.0773608, -0.00761364, 0.55092, 0.000551763, 0.834558, -0.111404, 739.245, 696.561, 507.691, 282.272
99, 844, 0, 0, 452, 96, 0.554509, 0.0230812, -0.831858, -0.21749, 0.0368828, 0.997951, 0.0522755, -0.0582314, 0.83136, -0.0596685, 0.552522, -0.268906, 739.245, 696.561, 507.691, 282.271
100, 848, 0, 0, 474, 117, 0.564292, 0.0333152, -0.824903, -0.238613, 0.0373687, 0.997131, 0.0658338, -0.0619405, 0.824729, -0.067975, 0.561428, -0.270073, 739.245, 696.561, 507.691, 282.272
102, 860, 0, 0, 453, 168, 0.558606, 0.0735764, -0.826163, -0.282623, 0.0230322, 0.994298, 0.104123, -0.0726959, 0.829113, -0.0771922, 0.553726, -0.265307, 739.245, 696.561, 507.691, 282.271
103, 866, 0, 0, 465, 137, 0.545446, 0.1108, -0.83079, -0.30136, 0.0135478, 0.989929, 0.140918, -0.0739626, 0.838037, -0.0881185, 0.538451, -0.26151, 739.245, 696.561, 507.691, 282.271
104, 873, 0, 0, 613, 131, 0.523041, 0.155794, -0.837948, -0.319504, 0.00199392, 0.982926, 0.183993, -0.073402, 0.852305, -0.0979066, 0.513799, -0.254327, 739.245, 696.561, 507.691, 282.271
105, 879, 0, 0, 683, 125, 0.488436, 0.181383, -0.85354, -0.334902, -0.00932432, 0.979186, 0.202748, -0.0756995, 0.87255, -0.091071, 0.479962, -0.242674, 739.245, 696.561, 507.691, 282.272
106, 883, 0, 0, 707, 122, 0.437854, 0.199425, -0.876649, -0.345182, -0.0297056, 0.977765, 0.207591, -0.0789726, 0.898555, -0.0648531, 0.434042, -0.233054, 739.245, 696.561, 507.691, 282.272
107, 886, 0, 0, 714, 150, 0.401625, 0.207045, -0.892093, -0.352331, -0.0447351, 0.977381, 0.206699, -0.0819467, 0.914711, -0.0431078, 0.401803, -0.225856, 739.245, 696.561, 507.691, 282.272
108, 889, 0, 0, 682, 113, 0.367384, 0.212053, -0.905573, -0.358944, -0.0613414, 0.977066, 0.203909, -0.0851665, 0.928044, -0.0193638, 0.371966, -0.218177, 739.245, 696.561, 507.691, 282.272
109, 893, 0, 0, 594, 55, 0.33008, 0.216636, -0.918758, -0.365772, -0.0810122, 0.976219, 0.201079, -0.0886236, 0.94047, 0.00805825, 0.339781, -0.208408, 739.245, 696.561, 507.691, 282.272
88, 754, 0, 0, 363, 0, 0.553011, -0.0915666, -0.828127, 0.0180907, 0.0652263, 0.99565, -0.0665326, -0.0339404, 0.830617, -0.0172223, 0.556578, -0.202365, 739.246, 696.561, 507.691, 282.272
111, 905, 0, 0, 574, 40, 0.295059, 0.228576, -0.927736, -0.371372, -0.0888657, 0.97332, 0.211544, -0.0909532, 0.951338, 0.020026, 0.307499, -0.190669, 739.246, 696.561, 507.691, 282.272
112, 914, 0, 0, 629, 56, 0.253159, 0.243092, -0.936385, -0.370454, -0.099302, 0.969332, 0.224798, -0.0908981, 0.962315, 0.0360754, 0.269534, -0.184646, 739.246, 696.561, 507.691, 282.272
113, 923, 0, 0, 661, 75, 0.207627, 0.244046, -0.947276, -0.370104, -0.0931375, 0.968912, 0.229205, -0.0914988, 0.973764, 0.0406377, 0.223903, -0.180198, 739.246, 696.561, 507.691, 282.272
114, 932, 0, 0, 744, 72, 0.175394, 0.242359, -0.954201, -0.3719, -0.0912473, 0.969055, 0.22936, -0.0925618, 0.980261, 0.0468398, 0.192082, -0.175294, 739.246, 696.561, 507.691, 282.272
115, 941, 0, 0, 703, 59, 0.149262, 0.244493, -0.958094, -0.373937, -0.0903828, 0.968266, 0.233008, -0.093952, 0.984658, 0.051816, 0.166623, -0.169327, 739.246, 696.561, 507.69, 282.272
116, 951, 0, 0, 767, 42, 0.128163, 0.247941, -0.96026, -0.375704, -0.0949122, 0.966867, 0.23698, -0.0949617, 0.987201, 0.0607683, 0.14745, -0.161692, 739.246, 696.561, 507.691, 282.271
117, 958, 0, 0, 567, 27, 0.116819, 0.250354, -0.961081, -0.376163, -0.0918976, 0.96628, 0.240538, -0.0961438, 0.988892, 0.0602216, 0.135887, -0.15673, 739.246, 696.561, 507.691, 282.271
118, 968, 0, 0, 574, 17, 0.102212, 0.258052, -0.960709, -0.374376, -0.0900712, 0.964201, 0.249407, -0.0974349, 0.990677, 0.0610399, 0.121796, -0.149673, 739.246, 696.561, 507.691, 282.271
119, 976, 0, 0, 667, 33, 0.109757, 0.25978, -0.95941, -0.372453, -0.0888618, 0.963941, 0.250841, -0.0986632, 0.989978, 0.0577233, 0.128884, -0.141154, 739.246, 696.561, 507.691, 282.272
120, 980, 0, 0, 747, 44, 0.114342, 0.261543, -0.958395, -0.371749, -0.0913569, 0.963403, 0.25201, -0.0999812, 0.989232, 0.0587407, 0.134051, -0.13556, 739.246, 696.561, 507.691, 282.272
122, 993, 0, 0, 562, 78, 0.108117, 0.259747, -0.959605, -0.369753, -0.089544, 0.963884, 0.250817, -0.104028, 0.990097, 0.0588095, 0.127471, -0.124489, 739.246, 696.561, 507.691, 282.271
121, 986, 0, 0, 713, 29, 0.114078, 0.261213, -0.958517, -0.370982, -0.0895485, 0.963591, 0.251938, -0.102007, 0.989428, 0.057093, 0.133316, -0.127692, 739.246, 696.561, 507.691, 282.271
123, 999, 0, 0, 640, 47, 0.109765, 0.25904, -0.959609, -0.369466, -0.0814422, 0.964541, 0.251055, -0.103351, 0.990615, 0.0505957, 0.126969, -0.130497, 739.245, 696.561, 507.691, 282.271
124, 1002, 0, 0, 599, 39, 0.11327, 0.25769, -0.959566, -0.369337, -0.0782483, 0.965095, 0.249938, -0.102795, 0.990478, 0.046774, 0.12948, -0.135793, 739.245, 696.561, 507.691, 282.271
125, 1006, 0, 0, 692, 40, 0.123789, 0.25464, -0.95908, -0.368623, -0.0745735, 0.966168, 0.246897, -0.101886, 0.989502, 0.0409588, 0.138591, -0.144051, 739.245, 696.561, 507.691, 282.271
126, 1009, 0, 0, 653, 23, 0.119754, 0.251562, -0.960404, -0.367768, -0.0738041, 0.966945, 0.244072, -0.100782, 0.990057, 0.0416532, 0.134362, -0.150798, 739.245, 696.561, 507.691, 282.271
127, 1012, 0, 0, 682, 23, 0.10922, 0.247745, -0.962649, -0.367074, -0.0801209, 0.967486, 0.239899, -0.0993895, 0.990783, 0.0509265, 0.125518, -0.159042, 739.245, 696.561, 507.691, 282.271
128, 1015, 0, 0, 707, 8, 0.0913158, 0.243527, -0.965586, -0.365736, -0.0955016, 0.967309, 0.23493, -0.098016, 0.991232, 0.0707622, 0.111588, -0.168455, 739.245, 696.561, 507.691, 282.271
129, 1018, 0, 0, 609, 2, 0.0692277, 0.238058, -0.968781, -0.364492, -0.113694, 0.966666, 0.229414, -0.0964621, 0.991101, 0.0942628, 0.0939859, -0.178454, 739.245, 696.561, 507.691, 282.271
130, 1021, 0, 0, 595, 2, 0.042874, 0.232512, -0.971648, -0.364754, -0.128729, 0.965721, 0.225414, -0.0952563, 0.990753, 0.115415, 0.0713354, -0.18843, 739.245, 696.561, 507.691, 282.271
131, 1023, 0, 0, 600, 0, 0.021295, 0.228144, -0.973394, -0.365851, -0.135175, 0.965332, 0.223298, -0.0947087, 0.990593, 0.126824, 0.0513963, -0.195381, 739.245, 696.561, 507.691, 282.271
94, 801, 0, 0, 562, 0, 0.555653, -0.068912, -0.828554, -0.0847761, 0.0718775, 0.99681, -0.0347028, -0.0343009, 0.828302, -0.0402716, 0.558833, -0.303086, 739.245, 696.561, 507.691, 282.271
98, 837, 0, 0, 598, 0, 0.559769, 0.000336209, -0.828649, -0.199826, 0.0396835, 0.998842, 0.0272123, -0.057214, 0.827698, -0.0481163, 0.559107, -0.277468, 739.245, 696.561, 507.691, 282.271
133, 1028, 0, 0, 524, 0, -0.0461772, 0.216072, -0.975285, -0.372359, -0.140536, 0.965211, 0.220494, -0.093421, 0.988998, 0.147244, -0.0142049, -0.212447, 739.245, 696.561, 507.691, 282.271
132, 1025, 0, 0, 498, 0, -0.00826817, 0.222953, -0.974794, -0.368918, -0.136452, 0.965457, 0.221975, -0.0937508, 0.990612, 0.134848, 0.02244, -0.201805, 739.245, 696.562, 507.691, 282.271
135, 1035, 0, 0, 681, 1, -0.101636, 0.193882, -0.975746, -0.379601, -0.152783, 0.966147, 0.207888, -0.0943193, 0.98302, 0.170206, -0.068573, -0.229667, 739.245, 696.562, 507.691, 282.271
136, 1040, 0, 0, 875, 12, -0.126621, 0.177619, -0.975919, -0.38541, -0.159652, 0.967363, 0.196775, -0.0954355, 0.979019, 0.180724, -0.0941316, -0.235803, 739.245, 696.562, 507.691, 282.271
138, 1052, 0, 0, 341, 225, -0.174449, 0.150699, -0.973066, -0.398296, -0.176157, 0.9675, 0.181418, -0.0981748, 0.968781, 0.203061, -0.142233, -0.242158, 739.245, 696.562, 507.691, 282.271
101, 854, 0, 0, 475, 0, 0.568212, 0.0501089, -0.821355, -0.273191, 0.0339692, 0.995865, 0.0842552, -0.070829, 0.822181, -0.0757756, 0.56416, -0.272482, 739.245, 696.562, 507.691, 282.271
139, 1057, 0, 0, 502, 85, -0.192861, 0.146081, -0.970291, -0.403284, -0.183028, 0.966145, 0.181836, -0.0985355, 0.964005, 0.21266, -0.159595, -0.247684, 739.245, 696.562, 507.691, 282.271
140, 1061, 0, 0, 474, 59, -0.204506, 0.144967, -0.968071, -0.406921, -0.180354, 0.966461, 0.182826, -0.0991282, 0.962107, 0.211985, -0.171502, -0.253436, 739.245, 696.562, 507.691, 282.271
134, 1031, 0, 0, 522, 0, -0.0693264, 0.208794, -0.975499, -0.37317, -0.144482, 0.965441, 0.216909, -0.0942171, 0.987076, 0.155979, -0.0367637, -0.221365, 739.245, 696.562, 507.691, 282.271
142, 1072, 0, 0, 670, 107, -0.22202, 0.129616, -0.966388, -0.419183, -0.168606, 0.97109, 0.168983, -0.10352, 0.960354, 0.200457, -0.193747, -0.274735, 739.245, 696.562, 507.691, 282.271
144, 1082, 0, 0, 596, 357, -0.225726, 0.092326, -0.969806, -0.428308, -0.166112, 0.977273, 0.1317, -0.109748, 0.959924, 0.190825, -0.205259, -0.290245, 739.245, 696.562, 507.691, 282.271
145, 1088, 0, 0, 423, 418, -0.230559, 0.0679939, -0.97068, -0.433133, -0.167972, 0.979799, 0.10853, -0.112466, 0.958451, 0.18807, -0.214481, -0.297038, 739.245, 696.562, 507.691, 282.271
141, 1066, 0, 0, 531, 24, -0.217254, 0.138288, -0.96627, -0.41546, -0.179388, 0.967397, 0.178783, -0.100317, 0.95949, 0.212179, -0.185363, -0.263312, 739.245, 696.563, 507.691, 282.271
146, 1095, 0, 0, 617, 216, -0.231856, 0.0488635, -0.971522, -0.436338, -0.171083, 0.981121, 0.0901757, -0.115397, 0.957587, 0.187119, -0.219119, -0.303839, 739.245, 696.563, 507.691, 282.271
110, 898, 0, 0, 496, 0, 0.318895, 0.215631, -0.922935, -0.379775, -0.0782921, 0.976441, 0.201081, -0.0923212, 0.944551, 0.00813504, 0.328264, -0.200732, 739.245, 696.563, 507.691, 282.27
148, 1120, 0, 0, 494, 221, -0.225705, 0.00550994, -0.97418, -0.44238, -0.165732, 0.98519, 0.0439701, -0.125043, 0.959995, 0.171377, -0.221449, -0.319434, 739.245, 696.563, 507.691, 282.27
150, 1148, 0, 0, 504, 342, -0.20824, -0.0690331, -0.975639, -0.443005, -0.162631, 0.986064, -0.035059, -0.138241, 0.964462, 0.151368, -0.216564, -0.325675, 739.245, 696.563, 507.691, 282.27
149, 1134, 0, 0, 614, 127, -0.213517, -0.0256996, -0.976601, -0.444952, -0.166651, 0.98596, 0.0104893, -0.131696, 0.96262, 0.164991, -0.214802, -0.32347, 739.245, 696.563, 507.692, 282.27
152, 1168, 0, 0, 542, 275, -0.189567, -0.138113, -0.972105, -0.436111, -0.138522, 0.983917, -0.112779, -0.146813, 0.972047, 0.113279, -0.20565, -0.334918, 739.245, 696.563, 507.692, 282.27
137, 1045, 0, 0, 735, 0, -0.14423, 0.163829, -0.975888, -0.393892, -0.167227, 0.96798, 0.187216, -0.0969309, 0.975312, 0.190197, -0.112216, -0.239882, 739.245, 696.563, 507.691, 282.27
153, 1176, 0, 0, 644, 80, -0.170546, -0.165374, -0.971373, -0.43484, -0.128044, 0.981176, -0.144562, -0.151345, 0.976995, 0.099724, -0.188511, -0.340246, 739.245, 696.562, 507.692, 282.27
143, 1077, 0, 0, 771, 0, -0.219516, 0.115946, -0.968695, -0.426351, -0.164724, 0.974253, 0.153939, -0.107387, 0.961602, 0.193359, -0.194765, -0.284449, 739.245, 696.562, 507.691, 282.27
154, 1184, 0, 0, 631, 50, -0.144308, -0.188477, -0.971417, -0.435817, -0.117042, 0.978053, -0.172377, -0.154855, 0.982587, 0.0888215, -0.1632, -0.34422, 739.245, 696.562, 507.691, 282.27
157, 1222, 0, 0, 492, 182, -0.117546, -0.292537, -0.949002, -0.454578, -0.127052, 0.952204, -0.277787, -0.177113, 0.984906, 0.0879202, -0.149095, -0.339618, 739.245, 696.563, 507.691, 282.269
147, 1106, 0, 0, 680, 0, -0.226107, 0.0309733, -0.97361, -0.44349, -0.172048, 0.982511, 0.0712123, -0.119394, 0.958788, 0.18361, -0.216824, -0.313327, 739.245, 696.563, 507.691, 282.269
158, 1230, 0, 0, 447, 114, -0.107735, -0.300245, -0.947758, -0.453357, -0.131284, 0.949255, -0.285796, -0.182084, 0.985473, 0.093635, -0.141685, -0.34348, 739.245, 696.563, 507.691, 282.269
156, 1208, 0, 0, 596, 39, -0.115405, -0.245361, -0.962538, -0.455957, -0.12732, 0.964673, -0.23064, -0.171529, 0.985125, 0.0959336, -0.142568, -0.341179, 739.245, 696.563, 507.691, 282.269
160, 1247, 0, 0, 485, 159, -0.0808518, -0.338265, -0.937571, -0.451338, -0.094763, 0.938998, -0.330609, -0.191312, 0.992211, 0.0621168, -0.107975, -0.362417, 739.245, 696.563, 507.691, 282.27
161, 1255, 0, 0, 531, 213, -0.0540992, -0.36876, -0.927949, -0.451772, -0.0889379, 0.927396, -0.363356, -0.194487, 0.994567, 0.0628726, -0.0829681, -0.371262, 739.245, 696.563, 507.691, 282.27
163, 1273, 0, 0, 430, 230, 0.0168286, -0.423124, -0.905915, -0.4526, -0.0586397, 0.904067, -0.42335, -0.201733, 0.998137, 0.060247, -0.00959771, -0.384569, 739.245, 696.563, 507.691, 282.27
155, 1194, 0, 0, 618, 2, -0.117281, -0.215383, -0.969461, -0.447248, -0.116335, 0.972457, -0.201975, -0.163417, 0.986261, 0.0890948, -0.139107, -0.345498, 739.245, 696.563, 507.691, 282.269
151, 1158, 0, 0, 585, 0, -0.196072, -0.0974153, -0.975739, -0.446417, -0.156563, 0.985398, -0.066919, -0.145483, 0.96801, 0.139643, -0.20846, -0.334628, 739.245, 696.563, 507.691, 282.269
164, 1281, 0, 0, 562, 52, 0.0409087, -0.446028, -0.894083, -0.454638, -0.0437852, 0.893173, -0.447577, -0.2053, 0.998203, 0.0574574, 0.017009, -0.392213, 739.245, 696.563, 507.691, 282.269
166, 1296, 0, 0, 291, 73, 0.0760858, -0.481407, -0.873188, -0.449245, -0.0130516, 0.875171, -0.483638, -0.208229, 0.997016, 0.0481944, 0.060305, -0.411385, 739.245, 696.563, 507.691, 282.269
168, 1308, 0, 0, 391, 140, 0.154501, -0.47193, -0.867993, -0.449065, 0.0113834, 0.879334, -0.47607, -0.208681, 0.987927, 0.0636728, 0.14123, -0.427282, 739.245, 696.563, 507.691, 282.27
165, 1289, 0, 0, 450, 40, 0.0564205, -0.466217, -0.88287, -0.45333, -0.0265183, 0.883266, -0.468121, -0.207584, 0.998055, 0.0498238, 0.037471, -0.401374, 739.245, 696.563, 507.691, 282.27
169, 1317, 0, 0, 362, 137, 0.177906, -0.456297, -0.871861, -0.453094, 0.0180467, 0.887359, -0.460726, -0.211384, 0.983882, 0.0662316, 0.166101, -0.433318, 739.245, 696.563, 507.691, 282.27
171, 1330, 0, 0, 266, 98, 0.196649, -0.44932, -0.871459, -0.452202, 0.0185705, 0.890361, -0.454876, -0.206755, 0.980298, 0.0732674, 0.183433, -0.455719, 739.245, 696.563, 507.691, 282.27
170, 1327, 0, 0, 314, 77, 0.176782, -0.448305, -0.876225, -0.452423, 0.0226343, 0.891863, -0.451739, -0.211079, 0.98399, 0.0600268, 0.167813, -0.446187, 739.245, 696.563, 507.691, 282.27
162, 1264, 0, 0, 562, 6, -0.0238845, -0.401862, -0.915389, -0.456636, -0.0755468, 0.913757, -0.399175, -0.199231, 0.996856, 0.0596206, -0.052184, -0.379463, 739.245, 696.563, 507.691, 282.27
173, 1347, 0, 0, 460, 146, 0.220648, -0.450492, -0.865084, -0.447171, 0.0509429, 0.891057, -0.451024, -0.207025, 0.974022, 0.0554477, 0.219559, -0.478192, 739.245, 696.563, 507.691, 282.27
174, 1355, 0, 0, 483, 171, 0.24747, -0.442556, -0.861918, -0.445641, 0.0560927, 0.89464, -0.443253, -0.204455, 0.967271, 0.0613444, 0.246221, -0.489741, 739.245, 696.563, 507.691, 282.27
176, 1368, 0, 0, 396, 318, 0.297419, -0.416095, -0.859306, -0.450285, 0.0873212, 0.908118, -0.409507, -0.200948, 0.950745, 0.0467597, 0.306426, -0.509153, 739.245, 696.563, 507.691, 282.271
177, 1374, 0, 0, 476, 316, 0.325939, -0.396328, -0.858305, -0.453949, 0.104939, 0.917441, -0.383784, -0.199082, 0.939549, 0.035021, 0.34062, -0.517685, 739.246, 696.563, 507.691, 282.271
178, 1380, 0, 0, 465, 261, 0.344564, -0.382551, -0.857281, -0.458593, 0.122501, 0.923717, -0.362961, -0.197219, 0.930736, 0.0200458, 0.365143, -0.526488, 739.246, 696.563, 507.691, 282.271
179, 1387, 0, 0, 416, 199, 0.365989, -0.371496, -0.853254, -0.462347, 0.144963, 0.928433, -0.342048, -0.195559, 0.919259, 0.00149527, 0.39365, -0.536151, 739.246, 696.563, 507.691, 282.271
180, 1396, 0, 0, 450, 151, 0.396899, -0.355705, -0.846135, -0.463995, 0.167902, 0.934436, -0.314068, -0.192448, 0.902375, -0.0174144, 0.4306, -0.544386, 739.246, 696.563, 507.691, 282.271
181, 1407, 0, 0, 410, 65, 0.428778, -0.326761, -0.842245, -0.462416, 0.196502, 0.943708, -0.266088, -0.188748, 0.88178, -0.0514099, 0.46885, -0.547765, 739.246, 696.563, 507.691, 282.271
172, 1338, 0, 0, 508, 16, 0.217778, -0.444387, -0.868961, -0.448251, 0.0438051, 0.893884, -0.446154, -0.209217, 0.975015, 0.0590978, 0.214135, -0.465047, 739.246, 696.563, 507.691, 282.271
183, 1431, 0, 0, 437, 17, 0.460423, -0.279265, -0.842628, -0.47621, 0.219198, 0.955599, -0.196934, -0.189185, 0.860211, -0.0940291, 0.501194, -0.549062, 739.246, 696.563, 507.691, 282.271
184, 1445, 0, 0, 442, 8, 0.47687, -0.259114, -0.839914, -0.489936, 0.218207, 0.960547, -0.17244, -0.192683, 0.851458, -0.101044, 0.514596, -0.550206, 739.246, 696.563, 507.691, 282.271
185, 1454, 0, 0, 361, 5, 0.489169, -0.241429, -0.838108, -0.49656, 0.209799, 0.965282, -0.155613, -0.194277, 0.84658, -0.0997134, 0.522837, -0.555338, 739.246, 696.563, 507.691, 282.27
186, 1461, 0, 0, 400, 0, 0.501304, -0.238402, -0.831781, -0.502735, 0.225864, 0.964021, -0.140178, -0.196643, 0.835272, -0.117597, 0.537113, -0.562731, 739.246, 696.563, 507.691, 282.271
187, 1467, 0, 0, 506, 0, 0.518949, -0.23529, -0.821785, -0.506799, 0.244589, 0.962048, -0.120994, -0.200412, 0.819065, -0.13821, 0.556804, -0.571513, 739.246, 696.563, 507.691, 282.271
188, 1474, 0, 0, 503, 0, 0.543007, -0.233495, -0.806612, -0.510689, 0.265994, 0.958927, -0.0985211, -0.202735, 0.796486, -0.161056, 0.582813, -0.580867, 739.246, 696.563, 507.691, 282.271
189, 1482, 0, 0, 571, 0, 0.570449, -0.223865, -0.790236, -0.513127, 0.279375, 0.957655, -0.0696197, -0.203507, 0.772358, -0.181058, 0.608835, -0.589327, 739.246, 696.563, 507.691, 282.271
190, 1491, 0, 0, 572, 0, 0.592499, -0.209996, -0.777719, -0.514246, 0.292171, 0.955708, -0.0354681, -0.2035, 0.750721, -0.206212, 0.62761, -0.599811, 739.246, 696.563, 507.691, 282.271
191, 1500, 0, 0, 597, 0, 0.614414, -0.197631, -0.76383, -0.51611, 0.308325, 0.951279, 0.00188124, -0.203409, 0.726244, -0.236664, 0.645414, -0.6089, 739.246, 696.563, 507.691, 282.271
192, 1510, 0, 0, 516, 0, 0.63709, -0.176568, -0.750293, -0.520249, 0.319114, 0.946489, 0.0482272, -0.200791, 0.701628, -0.270154, 0.659344, -0.613591, 739.246, 696.563, 507.691, 282.271
159, 1239, 0, 0, 585, 0, -0.0955498, -0.324843, -0.940929, -0.451115, -0.116845, 0.942379, -0.313479, -0.186662, 0.988543, 0.0799904, -0.128001, -0.353924, 739.246, 696.563, 507.691, 282.27
167, 1301, 0, 0, 520, 0, 0.121369, -0.478395, -0.869717, -0.441082, 0.000256532, 0.876209, -0.48193, -0.207845, 0.992607, 0.0582684, 0.106468, -0.417521, 739.246, 696.563, 507.691, 282.27
194, 1523, 0, 0, 507, 0, 0.647209, -0.146728, -0.748058, -0.528241, 0.312801, 0.946001, 0.0850781, -0.201255, 0.69518, -0.289057, 0.658157, -0.616271, 739.246, 696.563, 507.691, 282.271
175, 1363, 0, 0, 534, 0, 0.26804, -0.432619, -0.860811, -0.440949, 0.0771597, 0.900276, -0.428427, -0.201379, 0.960313, 0.0484154, 0.27469, -0.498117, 739.246, 696.563, 507.691, 282.271
196, 1546, 0, 0, 668, 5, 0.673135, -0.124621, -0.728943, -0.539767, 0.330736, 0.932358, 0.146018, -0.197597, 0.66144, -0.339378, 0.66882, -0.620334, 739.246, 696.562, 507.691, 282.271
197, 1553, 0, 0, 609, 72, 0.683676, -0.108234, -0.721715, -0.5428, 0.334004, 0.925693, 0.177576, -0.195917, 0.648867, -0.36246, 0.669025, -0.627416, 739.246, 696.563, 507.691, 282.271
199, 1565, 0, 0, 504, 440, 0.728122, -0.0837608, -0.680311, -0.546214, 0.342482, 0.904193, 0.255226, -0.19244, 0.593754, -0.41883, 0.68705, -0.641081, 739.246, 696.563, 507.691, 282.271
182, 1417, 0, 0, 309, 0, 0.450815, -0.300835, -0.840395, -0.461525, 0.20107, 0.951523, -0.232755, -0.184658, 0.869676, -0.0640486, 0.48945, -0.54853, 739.246, 696.563, 507.691, 282.271
201, 1574, 0, 0, 427, 477, 0.753649, -0.0734478, -0.65316, -0.543984, 0.336374, 0.896841, 0.287276, -0.190086, 0.564681, -0.436212, 0.70061, -0.647972, 739.246, 696.563, 507.691, 282.271
200, 1570, 0, 0, 566, 236, 0.744374, -0.0810039, -0.662832, -0.545319, 0.342399, 0.898495, 0.274717, -0.190862, 0.573298, -0.431446, 0.696552, -0.644896, 739.246, 696.563, 507.691, 282.27
202, 1581, 0, 0, 565, 253, 0.762973, -0.0769727, -0.641831, -0.543752, 0.341628, 0.890917, 0.299263, -0.188386, 0.548783, -0.447597, 0.706041, -0.65253, 739.246, 696.563, 507.691, 282.27
195, 1538, 0, 0, 634, 0, 0.667897, -0.137576, -0.731427, -0.534809, 0.326126, 0.93749, 0.121465, -0.199907, 0.668995, -0.319664, 0.671014, -0.616636, 739.246, 696.563, 507.691, 282.27
205, 1603, 0, 0, 499, 374, 0.779558, -0.068734, -0.622547, -0.549304, 0.340253, 0.880975, 0.328801, -0.175898, 0.525849, -0.468143, 0.710158, -0.67016, 739.246, 696.563, 507.691, 282.271
204, 1597, 0, 0, 619, 207, 0.778738, -0.0669182, -0.62377, -0.546753, 0.332095, 0.887528, 0.319385, -0.180462, 0.532241, -0.455868, 0.713375, -0.666402, 739.246, 696.563, 507.691, 282.271
207, 1614, 0, 0, 457, 442, 0.776843, -0.0486933, -0.627809, -0.552864, 0.325734, 0.884322, 0.334471, -0.161103, 0.538899, -0.46433, 0.702841, -0.674055, 739.246, 696.563, 507.691, 282.271
203, 1588, 0, 0, 635, 94, 0.774779, -0.0677639, -0.628591, -0.54338, 0.328965, 0.892259, 0.309282, -0.185611, 0.539908, -0.44641, 0.713595, -0.658544, 739.246, 696.563, 507.691, 282.271
208, 1621, 0, 0, 636, 267, 0.770461, -0.0454986, -0.635862, -0.552994, 0.324103, 0.886878, 0.329249, -0.154016, 0.548951, -0.459758, 0.698051, -0.675792, 739.245, 696.564, 507.691, 282.271
209, 1630, 0, 0, 537, 217, 0.766833, -0.0403839, -0.640575, -0.549662, 0.318009, 0.890815, 0.324529, -0.146922, 0.557528, -0.452568, 0.695949, -0.677212, 739.246, 696.563, 507.69, 282.271
211, 1648, 0, 0, 397, 200, 0.736421, -0.0460301, -0.674955, -0.541949, 0.326272, 0.898153, 0.294734, -0.129394, 0.592646, -0.437267, 0.676437, -0.674529, 739.246, 696.563, 507.691, 282.271
212, 1657, 0, 0, 492, 201, 0.726599, -0.0434044, -0.685689, -0.535638, 0.317392, 0.906336, 0.278957, -0.123346, 0.609357, -0.420322, 0.672319, -0.669369, 739.246, 696.563, 507.691, 282.271
213, 1662, 0, 0, 517, 208, 0.703364, -0.0399559, -0.709706, -0.531447, 0.317662, 0.910843, 0.263544, -0.119154, 0.635901, -0.410814, 0.653347, -0.665116, 739.246, 696.563, 507.691, 282.271
206, 1607, 0, 0, 687, 35, 0.782573, -0.0683848, -0.618791, -0.551953, 0.340064, 0.879518, 0.332874, -0.170086, 0.521474, -0.470927, 0.711542, -0.670707, 739.246, 696.563, 507.691, 282.271
