2, 837, 0, 0, 408, 0, 0.997223, 0.0570611, -0.0478596, 0.101163, -0.0520303, 0.993578, 0.100478, -0.0353546, 0.0532856, -0.0977091, 0.993787, 0.0646234, 965.652, 1228.15, 767.29, 373.726
4, 833, 0, 0, 488, 24, 0.994202, 0.0634551, -0.0868047, 0.168606, -0.0495604, 0.986862, 0.153775, -0.0796209, 0.0954221, -0.148581, 0.984286, 0.109899, 965.651, 1228.15, 767.291, 373.726
6, 831, 0, 0, 158, 346, 0.979951, 0.131355, -0.149808, 0.197062, -0.103198, 0.97781, 0.182311, -0.103331, 0.170432, -0.163195, 0.971761, 0.142193, 965.652, 1228.15, 767.291, 373.726
1, 845, 0, 0, 355, 0, 0.998933, 0.0291961, -0.0357699, 0.0711126, -0.0273364, 0.998303, 0.0514221, -0.0254134, 0.0372106, -0.0503895, 0.998036, 0.0268754, 965.652, 1228.15, 767.291, 373.726
7, 830, 0, 0, 153, 293, 0.972692, 0.15452, -0.173187, 0.213508, -0.120581, 0.974001, 0.191785, -0.113129, 0.198319, -0.165664, 0.966036, 0.156259, 965.652, 1228.15, 767.291, 373.726
10, 822, 0, 0, 93, 277, 0.943629, 0.238674, -0.229346, 0.255168, -0.198407, 0.962451, 0.185263, -0.119081, 0.264952, -0.129315, 0.955551, 0.147144, 965.652, 1228.15, 767.291, 373.726
9, 826, 0, 0, 196, 235, 0.93016, 0.260064, -0.259169, 0.267351, -0.207982, 0.954931, 0.211778, -0.123986, 0.302564, -0.143085, 0.942328, 0.161311, 965.653, 1228.15, 767.291, 373.726
11, 818, 0, 0, 223, 244, 0.901408, 0.329464, -0.280922, 0.27604, -0.271807, 0.935642, 0.225155, -0.120659, 0.337023, -0.1266, 0.932946, 0.163464, 965.652, 1228.15, 767.291, 373.726
5, 832, 0, 0, 429, 68, 0.987875, 0.0949021, -0.12287, 0.182365, -0.0733127, 0.982775, 0.16964, -0.0883761, 0.136853, -0.158575, 0.977817, 0.127629, 965.651, 1228.15, 767.291, 373.726
13, 814, 0, 0, 293, 172, 0.837437, 0.425165, -0.343415, 0.331288, -0.340731, 0.89744, 0.280185, -0.149321, 0.427319, -0.117625, 0.896417, 0.197605, 965.651, 1228.15, 767.29, 373.726
12, 816, 0, 0, 350, 76, 0.865748, 0.38977, -0.313943, 0.300619, -0.318212, 0.912853, 0.255814, -0.128127, 0.386292, -0.12157, 0.91433, 0.181768, 965.65, 1228.15, 767.29, 373.726
15, 811, 0, 0, 444, 67, 0.79329, 0.46638, -0.391383, 0.354042, -0.359472, 0.877604, 0.317163, -0.187091, 0.491397, -0.110911, 0.863845, 0.242711, 965.65, 1228.15, 767.291, 373.726
16, 809, 0, 0, 420, 28, 0.751454, 0.510721, -0.41771, 0.362011, -0.390016, 0.85449, 0.343125, -0.200454, 0.53217, -0.0949295, 0.841299, 0.271167, 965.649, 1228.15, 767.291, 373.725
17, 807, 0, 0, 372, 21, 0.698425, 0.554443, -0.452542, 0.379065, -0.413718, 0.828746, 0.376852, -0.213756, 0.583986, -0.075978, 0.808201, 0.297477, 965.649, 1228.15, 767.291, 373.725
18, 806, 0, 0, 438, 17, 0.66923, 0.574314, -0.471481, 0.385568, -0.420492, 0.815856, 0.396945, -0.223094, 0.612632, -0.0673938, 0.78749, 0.313048, 965.649, 1228.15, 767.291, 373.725
19, 805, 0, 0, 296, 4, 0.636809, 0.595151, -0.490173, 0.391133, -0.427515, 0.801621, 0.417893, -0.233067, 0.641643, -0.0565621, 0.764915, 0.328811, 965.649, 1228.15, 767.291, 373.725
8, 828, 0, 0, 383, 0, 0.952182, 0.202395, -0.228881, 0.241165, -0.155633, 0.965945, 0.206709, -0.125759, 0.262924, -0.161203, 0.951254, 0.165212, 965.649, 1228.15, 767.291, 373.725
21, 799, 0, 0, 341, 0, 0.628963, 0.599145, -0.49541, 0.421967, -0.459508, 0.800512, 0.38475, -0.241555, 0.627103, -0.0143485, 0.778804, 0.325832, 965.649, 1228.15, 767.29, 373.725
22, 795, 0, 0, 370, 0, 0.595443, 0.613502, -0.518712, 0.438004, -0.467246, 0.789673, 0.397616, -0.256204, 0.653551, 0.00560804, 0.756862, 0.337831, 965.649, 1228.15, 767.29, 373.725
23, 793, 0, 0, 305, 0, 0.546005, 0.647584, -0.53152, 0.447322, -0.488504, 0.761514, 0.425982, -0.275353, 0.680619, 0.0270608, 0.732138, 0.358523, 965.649, 1228.15, 767.29, 373.725
24, 791, 0, 0, 286, 0, 0.494228, 0.681889, -0.539227, 0.453105, -0.505977, 0.730021, 0.459409, -0.296356, 0.706913, 0.0457842, 0.705817, 0.379184, 965.65, 1228.15, 767.291, 373.725
25, 789, 0, 0, 194, 0, 0.442443, 0.70987, -0.548023, 0.456601, -0.522599, 0.700695, 0.485713, -0.315193, 0.72879, 0.0714964, 0.680994, 0.404141, 965.65, 1228.15, 767.291, 373.725
26, 786, 0, 0, 138, 0, 0.396243, 0.703359, -0.59015, 0.453788, -0.505232, 0.703731, 0.499503, -0.329084, 0.766637, 0.100238, 0.634208, 0.431279, 965.65, 1228.15, 767.291, 373.725
27, 785, 0, 0, 360, 0, 0.291063, 0.74113, -0.604986, 0.472554, -0.498581, 0.65721, 0.565236, -0.356851, 0.816517, 0.137115, 0.560803, 0.456939, 965.65, 1228.15, 767.29, 373.726
3, 835, 0, 0, 406, 0, 0.996933, 0.0552471, -0.0554298, 0.137904, -0.0479634, 0.990987, 0.125076, -0.0543557, 0.0618403, -0.122034, 0.990598, 0.0789263, 965.65, 1228.15, 767.29, 373.725
29, 783, 0, 0, 313, 0, 0.210835, 0.792391, -0.572421, 0.470237, -0.507027, 0.5893, 0.629007, -0.410563, 0.835747, 0.157616, 0.526008, 0.487304, 965.65, 1228.15, 767.29, 373.725
30, 781, 0, 0, 145, 0, 0.19237, 0.81266, -0.550071, 0.457799, -0.531382, 0.557512, 0.637819, -0.423152, 0.825001, 0.169601, 0.539082, 0.482463, 965.65, 1228.15, 767.29, 373.725
31, 779, 0, 0, 308, 0, 0.213143, 0.764948, -0.607803, 0.460129, -0.518894, 0.615739, 0.592971, -0.414903, 0.82784, 0.188997, 0.528167, 0.482687, 965.65, 1228.15, 767.291, 373.725
32, 777, 0, 0, 242, 0, 0.197379, 0.745442, -0.636677, 0.493517, -0.526502, 0.628447, 0.572583, -0.406992, 0.826945, 0.222195, 0.516519, 0.476584, 965.65, 1228.15, 767.291, 373.725
33, 776, 0, 0, 261, 0, 0.182613, 0.743147, -0.643727, 0.509282, -0.529127, 0.626117, 0.572715, -0.397015, 0.82866, 0.236028, 0.507557, 0.479046, 965.65, 1228.15, 767.291, 373.725
0, 852, 0, 0, 711, 0, 1, 1.74244e-05, -6.55009e-05, -3.44607e-07, -1.74211e-05, 1, 4.98396e-05, 3.49565e-07, 6.55017e-05, -4.98385e-05, 1, -4.42106e-05, 965.65, 1228.15, 767.29, 373.726
34, 774, 0, 0, 235, 0, 0.108775, 0.754632, -0.64707, 0.482314, -0.526611, 0.595833, 0.606353, -0.387401, 0.843118, 0.274799, 0.462209, 0.518599, 965.65, 1228.15, 767.291, 373.725
36, 770, 0, 0, 282, 0, -0.00680047, 0.815365, -0.578907, 0.425734, -0.539276, 0.484531, 0.688775, -0.379127, 0.842102, 0.316875, 0.436412, 0.574393, 965.65, 1228.15, 767.291, 373.725
37, 768, 0, 0, 371, 0, -0.0469681, 0.827588, -0.559368, 0.420041, -0.524652, 0.456087, 0.718836, -0.388789, 0.85002, 0.327236, 0.412774, 0.590079, 965.65, 1228.15, 767.291, 373.725
38, 766, 0, 0, 446, 0, -0.0884725, 0.826242, -0.556324, 0.411941, -0.503251, 0.444911, 0.740805, -0.411544, 0.859599, 0.345512, 0.376445, 0.608537, 965.649, 1228.15, 767.291, 373.725
39, 765, 0, 0, 409, 0, -0.101804, 0.828371, -0.550851, 0.408836, -0.488792, 0.440625, 0.752949, -0.42665, 0.86644, 0.345905, 0.360044, 0.623355, 965.649, 1228.15, 767.291, 373.725
41, 763, 0, 0, 296, 0, -0.125152, 0.835756, -0.534648, 0.39962, -0.44802, 0.433205, 0.782056, -0.450955, 0.88522, 0.337409, 0.320219, 0.659389, 965.65, 1228.15, 767.291, 373.725
40, 764, 0, 0, 298, 0, -0.114672, 0.832741, -0.541658, 0.402942, -0.467232, 0.435969, 0.769171, -0.442312, 0.876666, 0.341283, 0.33909, 0.644569, 965.65, 1228.15, 767.29, 373.725
42, 756, 0, 0, 251, 0, -0.08874, 0.836681, -0.540454, 0.409676, -0.479871, 0.439562, 0.759282, -0.434952, 0.87284, 0.326727, 0.362492, 0.632081, 965.65, 1228.15, 767.29, 373.725
43, 754, 0, 0, 266, 0, -0.0590901, 0.838489, -0.541706, 0.409692, -0.495951, 0.446286, 0.74489, -0.415976, 0.866338, 0.312675, 0.389478, 0.605945, 965.65, 1228.15, 767.29, 373.725
44, 749, 0, 0, 316, 0, -0.0567361, 0.842157, -0.53624, 0.410533, -0.493789, 0.443144, 0.748195, -0.401812, 0.867729, 0.307239, 0.390705, 0.587741, 965.65, 1228.15, 767.29, 373.725
45, 747, 0, 0, 327, 0, -0.0437935, 0.849369, -0.52598, 0.416128, -0.478828, 0.444228, 0.757222, -0.386441, 0.876816, 0.285015, 0.387247, 0.568862, 965.65, 1228.15, 767.29, 373.725
46, 745, 0, 0, 275, 0, -0.0336717, 0.85164, -0.523044, 0.420006, -0.482579, 0.444436, 0.754715, -0.367879, 0.875205, 0.277822, 0.396019, 0.554704, 965.65, 1228.15, 767.29, 373.725
35, 772, 0, 0, 251, 0, 0.0151275, 0.790958, -0.611683, 0.453362, -0.523367, 0.527521, 0.669185, -0.383723, 0.851973, 0.310012, 0.421942, 0.551538, 965.65, 1228.15, 767.29, 373.725
48, 736, 0, 0, 404, 0, -0.0438885, 0.838598, -0.542979, 0.417652, -0.50028, 0.452, 0.738523, -0.40132, 0.864751, 0.304054, 0.399696, 0.591127, 965.649, 1228.15, 767.29, 373.725
49, 733, 0, 0, 302, 0, -0.0482587, 0.852154, -0.521061, 0.398224, -0.506996, 0.428572, 0.747851, -0.404246, 0.860597, 0.300266, 0.411356, 0.59917, 965.649, 1228.15, 767.29, 373.725
50, 731, 0, 0, 314, 0, -0.0256305, 0.864685, -0.50166, 0.369375, -0.518286, 0.417619, 0.746307, -0.378691, 0.854823, 0.279132, 0.437451, 0.604691, 965.649, 1228.15, 767.29, 373.725
28, 784, 0, 0, 247, 0, 0.243266, 0.769596, -0.590376, 0.477394, -0.500728, 0.620926, 0.603094, -0.375475, 0.830718, 0.148906, 0.536409, 0.477515, 965.649, 1228.15, 767.291, 373.725
53, 724, 0, 0, 362, 0, -0.00818854, 0.874277, -0.485358, 0.334292, -0.528881, 0.408143, 0.744113, -0.334602, 0.848657, 0.26279, 0.459046, 0.620379, 965.649, 1228.15, 767.29, 373.725
51, 729, 0, 0, 314, 0, -0.0104362, 0.87173, -0.489876, 0.344171, -0.536614, 0.408502, 0.738357, -0.344654, 0.843763, 0.27058, 0.463519, 0.6156, 965.65, 1228.15, 767.29, 373.725
54, 722, 0, 0, 386, 0, -0.0117501, 0.879796, -0.475207, 0.349605, -0.502781, 0.405596, 0.76335, -0.355785, 0.864334, 0.247894, 0.437579, 0.604953, 965.65, 1228.15, 767.29, 373.725
55, 720, 0, 0, 431, 0, -0.00249376, 0.877091, -0.480318, 0.371668, -0.484654, 0.419078, 0.767779, -0.397068, 0.874702, 0.234703, 0.424041, 0.580015, 965.65, 1228.15, 767.29, 373.725
56, 713, 0, 0, 360, 0, 0.00549059, 0.864593, -0.502443, 0.401024, -0.489758, 0.440389, 0.752459, -0.414098, 0.871841, 0.241944, 0.425859, 0.562447, 965.65, 1228.15, 767.29, 373.725
58, 708, 0, 0, 342, 0, -0.00442264, 0.834999, -0.550233, 0.42355, -0.540707, 0.460868, 0.703731, -0.393756, 0.8412, 0.300627, 0.449451, 0.564415, 965.65, 1228.15, 767.29, 373.725
47, 739, 0, 0, 327, 0, -0.0355379, 0.841552, -0.539006, 0.420024, -0.49662, 0.453168, 0.740276, -0.381308, 0.86724, 0.293989, 0.401827, 0.567256, 965.65, 1228.15, 767.29, 373.725
59, 706, 0, 0, 349, 0, -0.00116383, 0.824767, -0.565472, 0.44064, -0.555162, 0.469794, 0.686359, -0.38443, 0.831741, 0.314728, 0.457333, 0.564676, 965.65, 1228.15, 767.29, 373.726
60, 704, 0, 0, 329, 0, 0.0155695, 0.804232, -0.594111, 0.451877, -0.563731, 0.497803, 0.65909, -0.378895, 0.825812, 0.324657, 0.461121, 0.562489, 965.65, 1228.15, 767.29, 373.726
61, 702, 0, 0, 337, 0, 0.0320513, 0.787848, -0.615036, 0.465558, -0.568297, 0.520567, 0.637219, -0.373671, 0.822199, 0.329099, 0.464416, 0.563902, 965.65, 1228.15, 767.29, 373.725
62, 700, 0, 0, 318, 0, 0.0389059, 0.779242, -0.625514, 0.481831, -0.571862, 0.530703, 0.625562, -0.372985, 0.819427, 0.33337, 0.466267, 0.56933, 965.65, 1228.15, 767.29, 373.726
63, 698, 0, 0, 256, 0, 0.0336789, 0.761612, -0.647158, 0.491804, -0.582873, 0.540969, 0.60631, -0.364951, 0.811865, 0.356791, 0.462142, 0.586879, 965.65, 1228.15, 767.29, 373.726
64, 696, 0, 0, 299, 0, -0.0141289, 0.720336, -0.693482, 0.521906, -0.59408, 0.551818, 0.585291, -0.358244, 0.804282, 0.420253, 0.420141, 0.601103, 965.65, 1228.15, 767.29, 373.726
65, 695, 0, 0, 360, 0, -0.0292791, 0.688828, -0.724333, 0.536161, -0.597769, 0.568719, 0.565005, -0.357087, 0.801133, 0.449527, 0.395109, 0.604614, 965.65, 1228.15, 767.29, 373.726
66, 694, 0, 0, 292, 0, -0.0273015, 0.654831, -0.755282, 0.546233, -0.595798, 0.596034, 0.5383, -0.352997, 0.80267, 0.464692, 0.373875, 0.612417, 965.649, 1228.15, 767.29, 373.725
67, 692, 0, 0, 209, 0, -0.0114218, 0.638067, -0.769896, 0.555163, -0.589515, 0.617611, 0.520604, -0.346307, 0.807677, 0.459811, 0.369096, 0.624409, 965.65, 1228.15, 767.29, 373.725
68, 688, 0, 0, 369, 0, 0.0316978, 0.653845, -0.755964, 0.552381, -0.606492, 0.613768, 0.505427, -0.331939, 0.794458, 0.442465, 0.416007, 0.613008, 965.65, 1228.15, 767.29, 373.725
69, 685, 0, 0, 408, 0, 0.0253991, 0.645473, -0.76336, 0.56923, -0.616143, 0.611432, 0.496506, -0.315732, 0.787224, 0.457729, 0.413234, 0.582537, 965.65, 1228.15, 767.29, 373.725
70, 684, 0, 0, 374, 0, 0.0268793, 0.641088, -0.766997, 0.572123, -0.62315, 0.610695, 0.488606, -0.299977, 0.78164, 0.464821, 0.415909, 0.565094, 965.65, 1228.15, 767.29, 373.725
20, 804, 0, 0, 346, 0, 0.612708, 0.614768, -0.496638, 0.398296, -0.443784, 0.787615, 0.427455, -0.246083, 0.653946, -0.0415055, 0.755402, 0.344882, 965.649, 1228.15, 767.29, 373.726
73, 674, 0, 0, 293, 0, 0.0422337, 0.645147, -0.762891, 0.583644, -0.649353, 0.598033, 0.469785, -0.263201, 0.759314, 0.475545, 0.444185, 0.545983, 965.649, 1228.15, 767.29, 373.726
71, 683, 0, 0, 358, 0, 0.0315423, 0.637918, -0.769458, 0.575943, -0.626601, 0.612396, 0.48202, -0.279438, 0.778702, 0.466939, 0.419036, 0.550318, 965.65, 1228.15, 767.29, 373.726
74, 672, 0, 0, 340, 0, 0.000818769, 0.658447, -0.752627, 0.589891, -0.659618, 0.566031, 0.494483, -0.290065, 0.751601, 0.496041, 0.434787, 0.572708, 965.65, 1228.15, 767.29, 373.726
75, 671, 0, 0, 371, 0, -0.0363317, 0.654254, -0.755402, 0.592669, -0.659041, 0.552544, 0.510255, -0.307042, 0.751229, 0.516379, 0.411105, 0.588607, 965.65, 1228.15, 767.29, 373.725
76, 670, 0, 0, 390, 0, -0.0861511, 0.644583, -0.759665, 0.591505, -0.650991, 0.540788, 0.53269, -0.32211, 0.754181, 0.540427, 0.373028, 0.600845, 965.65, 1228.15, 767.29, 373.725
77, 669, 0, 0, 299, 0, -0.125713, 0.641148, -0.757051, 0.582175, -0.639908, 0.53073, 0.555737, -0.333099, 0.758099, 0.554306, 0.343556, 0.616979, 965.65, 1228.15, 767.29, 373.726
78, 667, 0, 0, 454, 0, -0.167592, 0.669599, -0.723568, 0.568622, -0.627444, 0.493664, 0.602171, -0.348861, 0.760412, 0.554917, 0.337402, 0.642664, 965.65, 1228.15, 767.29, 373.726
79, 666, 0, 0, 358, 0, -0.188043, 0.678786, -0.709851, 0.555943, -0.625868, 0.474182, 0.619226, -0.363287, 0.756921, 0.560714, 0.335664, 0.659037, 965.65, 1228.15, 767.29, 373.726
80, 663, 0, 0, 320, 0, -0.213044, 0.687106, -0.694621, 0.569706, -0.623576, 0.451696, 0.638063, -0.392185, 0.752174, 0.569084, 0.332232, 0.64752, 965.65, 1228.15, 767.29, 373.726
81, 660, 0, 0, 363, 0, -0.230116, 0.68815, -0.688111, 0.569264, -0.611911, 0.447499, 0.652158, -0.423291, 0.756711, 0.571135, 0.318109, 0.669268, 965.649, 1228.15, 767.29, 373.725
82, 658, 0, 0, 354, 0, -0.243414, 0.681183, -0.690463, 0.556805, -0.609129, 0.44662, 0.655357, -0.439297, 0.754793, 0.580104, 0.306215, 0.687728, 965.649, 1228.15, 767.29, 373.726
84, 651, 0, 0, 373, 0, -0.157307, 0.678384, -0.71767, 0.599735, -0.653527, 0.473318, 0.590655, -0.432922, 0.740376, 0.561931, 0.368886, 0.683764, 965.649, 1228.15, 767.29, 373.726
83, 654, 0, 0, 296, 0, -0.192687, 0.679743, -0.707687, 0.575099, -0.646496, 0.454606, 0.61268, -0.435413, 0.738184, 0.575572, 0.351854, 0.680961, 965.65, 1228.15, 767.29, 373.726
85, 648, 0, 0, 286, 0, -0.181336, 0.680821, -0.709648, 0.582031, -0.629927, 0.473726, 0.615448, -0.444934, 0.755189, 0.558629, 0.342964, 0.696078, 965.649, 1228.15, 767.291, 373.726
86, 646, 0, 0, 289, 0, -0.224959, 0.67637, -0.701368, 0.557126, -0.611041, 0.462757, 0.64225, -0.462189, 0.758961, 0.573045, 0.309189, 0.716903, 965.649, 1228.15, 767.29, 373.726
14, 813, 0, 0, 364, 0, 0.825322, 0.435233, -0.359743, 0.346641, -0.344371, 0.892866, 0.290172, -0.166938, 0.447495, -0.1156, 0.886783, 0.211891, 965.65, 1228.15, 767.29, 373.726
88, 642, 0, 0, 498, 0, -0.368977, 0.654592, -0.659822, 0.499737, -0.572032, 0.399596, 0.716312, -0.488621, 0.732554, 0.641742, 0.227006, 0.7674, 965.649, 1228.15, 767.29, 373.726
90, 638, 0, 0, 357, 0, -0.390433, 0.643758, -0.658132, 0.500854, -0.581329, 0.381932, 0.71846, -0.498886, 0.713876, 0.663101, 0.225117, 0.767033, 965.649, 1228.15, 767.29, 373.726
89, 640, 0, 0, 358, 0, -0.4139, 0.64691, -0.640464, 0.486201, -0.550803, 0.382187, 0.74199, -0.504969, 0.724778, 0.659879, 0.198132, 0.781753, 965.648, 1228.15, 767.29, 373.726
91, 630, 0, 0, 362, 0, -0.46663, 0.624168, -0.626634, 0.485676, -0.581333, 0.317512, 0.749158, -0.504841, 0.666565, 0.713863, 0.214689, 0.793411, 965.649, 1228.15, 767.29, 373.726
92, 628, 0, 0, 358, 0, -0.523691, 0.595046, -0.609646, 0.463585, -0.557209, 0.302067, 0.773481, -0.518799, 0.644411, 0.744766, 0.173375, 0.811114, 965.649, 1228.15, 767.29, 373.725
93, 626, 0, 0, 366, 0, -0.570435, 0.568054, -0.593227, 0.441523, -0.538967, 0.286125, 0.792242, -0.52982, 0.619773, 0.771653, 0.142946, 0.827345, 965.649, 1228.15, 767.291, 373.725
94, 624, 0, 0, 343, 0, -0.61661, 0.52639, -0.585411, 0.415888, -0.52827, 0.274686, 0.803417, -0.531418, 0.583714, 0.80465, 0.108702, 0.841002, 965.649, 1228.15, 767.291, 373.725
95, 622, 0, 0, 471, 0, -0.676203, 0.474144, -0.563858, 0.409799, -0.499723, 0.267171, 0.823952, -0.53393, 0.541319, 0.838932, 0.0562791, 0.85242, 965.649, 1228.15, 767.291, 373.725
97, 617, 0, 0, 373, 0, -0.692638, 0.422105, -0.584876, 0.405445, -0.523312, 0.263959, 0.810229, -0.522606, 0.496385, 0.867267, 0.0380649, 0.859899, 965.648, 1228.15, 767.291, 373.725
98, 614, 0, 0, 409, 0, -0.733967, 0.391135, -0.555253, 0.40061, -0.486723, 0.267284, 0.831661, -0.526915, 0.473702, 0.880666, -0.00580312, 0.867591, 965.648, 1228.15, 767.291, 373.725
96, 620, 0, 0, 354, 0, -0.705351, 0.435649, -0.559187, 0.387221, -0.494576, 0.262671, 0.828492, -0.536318, 0.507813, 0.860938, 0.030186, 0.862932, 965.648, 1228.15, 767.291, 373.725
99, 612, 0, 0, 407, 0, -0.772553, 0.359594, -0.523311, 0.386012, -0.4553, 0.260724, 0.851308, -0.532766, 0.442565, 0.895944, -0.0376998, 0.878285, 965.649, 1228.15, 767.291, 373.726
100, 611, 0, 0, 377, 0, -0.795324, 0.342311, -0.500283, 0.376106, -0.433981, 0.254673, 0.864177, -0.540353, 0.423226, 0.904414, -0.0539911, 0.888971, 965.649, 1228.15, 767.291, 373.726
101, 610, 0, 0, 392, 0, -0.816482, 0.325581, -0.476817, 0.365433, -0.411808, 0.250453, 0.876178, -0.549797, 0.404687, 0.91174, -0.0704135, 0.899661, 965.649, 1228.15, 767.291, 373.726
102, 609, 0, 0, 399, 0, -0.840741, 0.303415, -0.448435, 0.349557, -0.384983, 0.247375, 0.889153, -0.562117, 0.380714, 0.920187, -0.0911691, 0.914629, 965.649, 1228.15, 767.291, 373.725
103, 608, 0, 0, 397, 0, -0.861995, 0.281424, -0.421622, 0.33518, -0.360249, 0.24506, 0.900092, -0.571191, 0.35663, 0.927764, -0.109858, 0.9278, 965.649, 1228.15, 767.291, 373.725
57, 711, 0, 0, 289, 0, 0.00952896, 0.852324, -0.522927, 0.409225, -0.506275, 0.455083, 0.73252, -0.404308, 0.86232, 0.257764, 0.435847, 0.561909, 965.649, 1228.15, 767.291, 373.725
105, 606, 0, 0, 491, 0, -0.902033, 0.231446, -0.364375, 0.302788, -0.309918, 0.240345, 0.919883, -0.587401, 0.300479, 0.942691, -0.145069, 0.954747, 965.648, 1228.15, 767.29, 373.725
106, 605, 0, 0, 441, 0, -0.915279, 0.206528, -0.345848, 0.288781, -0.295343, 0.23979, 0.92481, -0.594092, 0.27393, 0.948603, -0.158478, 0.96494, 965.648, 1228.15, 767.29, 373.725
107, 603, 0, 0, 354, 0, -0.931501, 0.164566, -0.324382, 0.267339, -0.278455, 0.251153, 0.92703, -0.596375, 0.234027, 0.953855, -0.188126, 0.97964, 965.648, 1228.15, 767.29, 373.725
108, 597, 0, 0, 258, 0, -0.911145, 0.174715, -0.373214, 0.269665, -0.321389, 0.26557, 0.908945, -0.593274, 0.257921, 0.948128, -0.185821, 0.989195, 965.648, 1228.15, 767.29, 373.725
109, 594, 0, 0, 370, 0, -0.940975, 0.142579, -0.306981, 0.270034, -0.258283, 0.283705, 0.923472, -0.603493, 0.218759, 0.948253, -0.230134, 1.00608, 965.648, 1228.15, 767.29, 373.725
110, 592, 0, 0, 377, 0, -0.964586, 0.0957973, -0.245758, 0.242492, -0.208493, 0.293807, 0.932849, -0.604867, 0.16157, 0.951052, -0.263429, 1.01708, 965.648, 1228.15, 767.29, 373.725
111, 591, 0, 0, 389, 0, -0.976977, 0.072651, -0.200592, 0.216263, -0.170632, 0.298298, 0.939097, -0.61407, 0.128063, 0.951704, -0.279034, 1.0259, 965.648, 1228.15, 767.29, 373.725
112, 590, 0, 0, 381, 0, -0.983056, 0.0622552, -0.172411, 0.190295, -0.145956, 0.303182, 0.941689, -0.619973, 0.110897, 0.950897, -0.288959, 1.03314, 965.648, 1228.15, 767.29, 373.725
113, 589, 0, 0, 334, 0, -0.987736, 0.0563162, -0.145622, 0.166463, -0.121474, 0.30876, 0.943351, -0.621797, 0.098088, 0.949471, -0.298132, 1.0359, 965.648, 1228.15, 767.29, 373.725
114, 588, 0, 0, 259, 0, -0.991636, 0.0504745, -0.118787, 0.143725, -0.0972597, 0.312779, 0.944833, -0.629674, 0.084844, 0.948484, -0.305254, 1.04024, 965.648, 1228.15, 767.29, 373.725
115, 587, 0, 0, 323, 0, -0.995074, 0.0401253, -0.0906524, 0.119132, -0.0736495, 0.312889, 0.94693, -0.634148, 0.0663599, 0.948942, -0.308392, 1.04481, 965.648, 1228.15, 767.29, 373.725
116, 585, 0, 0, 272, 0, -0.998655, 0.0222706, -0.0468155, 0.0829667, -0.0379707, 0.300618, 0.952989, -0.626395, 0.0352972, 0.953485, -0.299368, 1.04465, 965.648, 1228.15, 767.29, 373.725
117, 583, 0, 0, 426, 0, -0.999764, 0.0202044, 0.00792232, 0.0495739, 0.0134592, 0.290881, 0.956665, -0.615278, 0.0170244, 0.956546, -0.291084, 1.02237, 965.648, 1228.15, 767.291, 373.725
52, 726, 0, 0, 293, 0, -0.00390845, 0.875149, -0.483839, 0.329133, -0.545846, 0.403536, 0.73431, -0.313087, 0.837877, 0.266971, 0.476119, 0.628516, 965.648, 1228.15, 767.29, 373.725
119, 580, 0, 0, 158, 0, -0.99761, 0.00140661, 0.0690776, 0.00486899, 0.0666147, 0.284897, 0.956241, -0.623493, -0.0183349, 0.958557, -0.28431, 1.01538, 965.649, 1228.15, 767.291, 373.725
118, 582, 0, 0, 256, 0, -0.999209, 0.0154083, 0.0366543, 0.0267261, 0.0395279, 0.285214, 0.957649, -0.614598, 0.00430144, 0.95834, -0.285597, 1.01652, 965.649, 1228.15, 767.291, 373.725
121, 576, 0, 0, 414, 0, -0.999595, -0.0121544, 0.0257205, 0.0268782, 0.019512, 0.365011, 0.930799, -0.631456, -0.0207015, 0.930924, -0.364627, 1.031, 965.648, 1228.15, 767.291, 373.725
122, 574, 0, 0, 451, 0, -0.999273, -0.00912634, 0.0370101, 0.0338121, 0.0309941, 0.370678, 0.928244, -0.647041, -0.0221903, 0.928717, -0.370125, 1.05675, 965.648, 1228.15, 767.291, 373.725
72, 681, 0, 0, 209, 0, 0.034199, 0.636476, -0.770538, 0.588659, -0.632539, 0.610704, 0.476376, -0.250323, 0.773773, 0.471104, 0.423482, 0.525572, 965.648, 1228.15, 767.291, 373.725
123, 571, 0, 0, 353, 0, -0.99702, -0.0220275, 0.0739367, 0.00409237, 0.0599881, 0.38127, 0.922516, -0.63938, -0.0485105, 0.924201, -0.378812, 1.06224, 965.648, 1228.15, 767.291, 373.725
124, 569, 0, 0, 418, 0, -0.99296, -0.0366755, 0.112625, -0.025686, 0.0900265, 0.384223, 0.91884, -0.642258, -0.0769721, 0.922511, -0.378217, 1.0658, 965.647, 1228.15, 767.291, 373.725
126, 565, 0, 0, 433, 0, -0.985375, -0.0576538, 0.160351, -0.0946717, 0.128108, 0.369851, 0.920217, -0.624269, -0.11236, 0.927301, -0.357056, 1.05644, 965.647, 1228.15, 767.29, 373.725
127, 558, 0, 0, 228, 0, -0.987921, -0.0485413, 0.147157, -0.103726, 0.115611, 0.401444, 0.908558, -0.616463, -0.103178, 0.914596, -0.390983, 1.07, 965.647, 1228.15, 767.29, 373.725
129, 553, 0, 0, 405, 0, -0.983193, -0.0430873, 0.177411, -0.142167, 0.136521, 0.471675, 0.87114, -0.593912, -0.121215, 0.880719, -0.457865, 1.06911, 965.646, 1228.15, 767.29, 373.724
128, 556, 0, 0, 330, 0, -0.988861, -0.04188, 0.142828, -0.119326, 0.107021, 0.466845, 0.87784, -0.60112, -0.103442, 0.883347, -0.457163, 1.07025, 965.646, 1228.15, 767.29, 373.725
130, 549, 0, 0, 487, 0, -0.970619, -0.112234, 0.212845, -0.125218, 0.140135, 0.455405, 0.879186, -0.609292, -0.195605, 0.883182, -0.426297, 1.0913, 965.647, 1228.15, 767.291, 373.725
131, 547, 0, 0, 272, 0, -0.965849, -0.150381, 0.211, -0.0893771, 0.120081, 0.461819, 0.878808, -0.627768, -0.229601, 0.874133, -0.42799, 1.11663, 965.648, 1228.15, 767.291, 373.725
125, 567, 0, 0, 368, 0, -0.98778, -0.0488173, 0.148013, -0.0578326, 0.118584, 0.380855, 0.916999, -0.640915, -0.101137, 0.923345, -0.370412, 1.06206, 965.648, 1228.15, 767.291, 373.725
133, 538, 0, 0, 392, 0, -0.977727, -0.0657034, 0.19933, -0.0328011, 0.150187, 0.444386, 0.883157, -0.62038, -0.146606, 0.893423, -0.42462, 1.08578, 965.649, 1228.15, 767.291, 373.725
134, 535, 0, 0, 381, 0, -0.978502, -0.0497412, 0.200149, -0.00961096, 0.159938, 0.42968, 0.888704, -0.603554, -0.130205, 0.90161, -0.412487, 1.0622, 965.649, 1228.15, 767.292, 373.725
135, 532, 0, 0, 360, 0, -0.981331, -0.0456242, 0.186836, 0.00616345, 0.156384, 0.376189, 0.91325, -0.570987, -0.111952, 0.925419, -0.362031, 1.03433, 965.648, 1228.15, 767.292, 373.726
136, 530, 0, 0, 375, 0, -0.985785, -0.0354402, 0.164232, 0.0291926, 0.140044, 0.366712, 0.919733, -0.538201, -0.0928216, 0.929659, -0.356536, 1.00702, 965.648, 1228.15, 767.291, 373.725
137, 528, 0, 0, 375, 0, -0.989882, -0.0235338, 0.139926, 0.053331, 0.122234, 0.359343, 0.925165, -0.506167, -0.072054, 0.932909, -0.352831, 0.986498, 965.648, 1228.15, 767.291, 373.725
139, 522, 0, 0, 410, 0, -0.99539, -0.018988, 0.0940075, 0.0707712, 0.0783082, 0.40499, 0.910962, -0.472389, -0.0553694, 0.914124, -0.401636, 0.992455, 965.648, 1228.15, 767.291, 373.725
138, 526, 0, 0, 342, 0, -0.993605, -0.0186857, 0.111357, 0.0686385, 0.0964687, 0.372039, 0.923191, -0.481143, -0.0586795, 0.928029, -0.367857, 0.983325, 965.648, 1228.15, 767.291, 373.725
140, 518, 0, 0, 438, 0, -0.995474, -0.0226684, 0.0922937, 0.0651344, 0.0768522, 0.379291, 0.92208, -0.517358, -0.0559082, 0.925, -0.375832, 1.00607, 965.647, 1228.15, 767.291, 373.725
141, 515, 0, 0, 427, 0, -0.992309, -0.0374515, 0.117987, 0.0516855, 0.0956146, 0.373477, 0.922699, -0.555682, -0.0786219, 0.926883, -0.367024, 1.02565, 965.647, 1228.15, 767.291, 373.725
142, 513, 0, 0, 375, 0, -0.987173, -0.0575269, 0.14893, 0.0380098, 0.116723, 0.376393, 0.919078, -0.594929, -0.108928, 0.924672, -0.364851, 1.04433, 965.647, 1228.15, 767.291, 373.725
143, 509, 0, 0, 292, 0, -0.984378, -0.0454164, 0.17011, 0.021697, 0.139808, 0.385654, 0.911989, -0.645858, -0.107023, 0.921525, -0.37328, 1.05783, 965.647, 1228.15, 767.291, 373.725
144, 504, 0, 0, 462, 0, -0.990029, -0.0444114, 0.133677, -0.00205412, 0.110376, 0.345016, 0.932084, -0.63767, -0.0875158, 0.937545, -0.336674, 1.05385, 965.647, 1228.15, 767.291, 373.725
145, 501, 0, 0, 421, 0, -0.988579, -0.0546636, 0.140438, -0.0352001, 0.115279, 0.325924, 0.938341, -0.636772, -0.0970652, 0.943814, -0.3159, 1.04754, 965.647, 1228.15, 767.291, 373.725
146, 499, 0, 0, 464, 0, -0.9879, -0.0687279, 0.139029, -0.0612291, 0.111064, 0.312173, 0.943511, -0.637984, -0.108247, 0.947536, -0.300762, 1.05021, 965.648, 1228.15, 767.291, 373.725
147, 496, 0, 0, 373, 0, -0.985143, -0.0751766, 0.154407, -0.0820383, 0.123003, 0.318568, 0.939885, -0.635998, -0.119847, 0.944914, -0.304589, 1.03725, 965.648, 1228.15, 767.291, 373.725
148, 492, 0, 0, 474, 0, -0.98367, -0.0899674, 0.155884, -0.119774, 0.122225, 0.301854, 0.945487, -0.643094, -0.132117, 0.949099, -0.285929, 1.03631, 965.648, 1228.15, 767.291, 373.725
149, 490, 0, 0, 419, 0, -0.978887, -0.11251, 0.170649, -0.144201, 0.132135, 0.288652, 0.948272, -0.639211, -0.155949, 0.950801, -0.267691, 1.0266, 965.648, 1228.15, 767.291, 373.725
150, 488, 0, 0, 390, 0, -0.973441, -0.134532, 0.185242, -0.169817, 0.143227, 0.273366, 0.951187, -0.639208, -0.178604, 0.952456, -0.246837, 1.01714, 965.648, 1228.15, 767.291, 373.725
151, 486, 0, 0, 299, 0, -0.965704, -0.162457, 0.202545, -0.201956, 0.155897, 0.261026, 0.95266, -0.635799, -0.207636, 0.951564, -0.226747, 1.0043, 965.647, 1228.15, 767.291, 373.725
87, 644, 0, 0, 348, 0, -0.285683, 0.665901, -0.689175, 0.521315, -0.595874, 0.439794, 0.671949, -0.478793, 0.750546, 0.602626, 0.271151, 0.739941, 965.647, 1228.15, 767.291, 373.725
153, 478, 0, 0, 280, 0, -0.934794, -0.189644, 0.300326, -0.236362, 0.250918, 0.245869, 0.936263, -0.626899, -0.251397, 0.95057, -0.182252, 0.983826, 965.647, 1228.15, 767.291, 373.725
154, 476, 0, 0, 258, 0, -0.900286, -0.237304, 0.364928, -0.254086, 0.302813, 0.260837, 0.916662, -0.624224, -0.312714, 0.935762, -0.162969, 0.977746, 965.647, 1228.15, 767.291, 373.725
155, 474, 0, 0, 365, 0, -0.874693, -0.264267, 0.406295, -0.28248, 0.336576, 0.272001, 0.901516, -0.62151, -0.348754, 0.925299, -0.148972, 0.973612, 965.647, 1228.15, 767.291, 373.725
156, 472, 0, 0, 380, 0, -0.839849, -0.297, 0.454362, -0.316957, 0.374879, 0.288019, 0.881199, -0.612994, -0.39258, 0.910405, -0.130554, 0.963238, 965.647, 1228.15, 767.291, 373.725
120, 578, 0, 0, 249, 0, -0.998534, -0.0195053, 0.0504902, 0.00949337, 0.0410825, 0.334226, 0.941597, -0.625782, -0.0352412, 0.942291, -0.332935, 1.02669, 965.647, 1228.15, 767.291, 373.725
158, 468, 0, 0, 378, 0, -0.779408, -0.368657, 0.506573, -0.372425, 0.393394, 0.341317, 0.853665, -0.587037, -0.487611, 0.864636, -0.120998, 0.935413, 965.647, 1228.15, 767.291, 373.725
159, 466, 0, 0, 418, 0, -0.736391, -0.40523, 0.541773, -0.393921, 0.407644, 0.373345, 0.833331, -0.56737, -0.539958, 0.834507, -0.109738, 0.924053, 965.647, 1228.15, 767.291, 373.725
160, 458, 0, 0, 402, 0, -0.715794, -0.387988, 0.580607, -0.403409, 0.43159, 0.407833, 0.804613, -0.551301, -0.548971, 0.826521, -0.124473, 0.92762, 965.647, 1228.15, 767.291, 373.725
161, 456, 0, 0, 511, 0, -0.696495, -0.398333, 0.596847, -0.415086, 0.445257, 0.412355, 0.794801, -0.532111, -0.562708, 0.819325, -0.109843, 0.925095, 965.647, 1228.15, 767.291, 373.725
162, 454, 0, 0, 446, 0, -0.67726, -0.400805, 0.616988, -0.429342, 0.463465, 0.418887, 0.780855, -0.522234, -0.571419, 0.814794, -0.0979363, 0.910853, 965.647, 1228.15, 767.291, 373.725
163, 453, 0, 0, 418, 0, -0.660552, -0.404071, 0.63277, -0.449536, 0.475758, 0.426714, 0.769136, -0.510501, -0.580797, 0.809099, -0.089627, 0.898008, 965.647, 1228.15, 767.291, 373.725
152, 481, 0, 0, 260, 0, -0.962882, -0.172506, 0.207608, -0.224243, 0.159586, 0.256492, 0.953281, -0.629579, -0.217696, 0.951028, -0.219442, 0.993721, 965.647, 1228.15, 767.291, 373.725
165, 449, 0, 0, 448, 0, -0.573264, -0.423543, 0.701413, -0.514631, 0.522804, 0.470068, 0.711134, -0.484012, -0.630908, 0.774369, -0.0480435, 0.873967, 965.647, 1228.15, 767.291, 373.725
166, 447, 0, 0, 438, 0, -0.528915, -0.431573, 0.730749, -0.540978, 0.540064, 0.493043, 0.682084, -0.474694, -0.65466, 0.755416, -0.027701, 0.858337, 965.647, 1228.15, 767.291, 373.725
167, 445, 0, 0, 413, 0, -0.497646, -0.437716, 0.748835, -0.562517, 0.553965, 0.50393, 0.662705, -0.459606, -0.667436, 0.744621, -0.00829971, 0.833228, 965.647, 1228.15, 767.291, 373.725
168, 443, 0, 0, 438, 0, -0.462903, -0.442728, 0.767927, -0.580054, 0.571598, 0.513059, 0.640348, -0.45608, -0.677492, 0.735365, 0.015566, 0.818247, 965.647, 1228.15, 767.291, 373.725
132, 544, 0, 0, 270, 0, -0.970179, -0.107564, 0.217214, -0.0498645, 0.144796, 0.461482, 0.875253, -0.647202, -0.194386, 0.880604, -0.432146, 1.12091, 965.647, 1228.15, 767.291, 373.725
170, 440, 0, 0, 527, 2, -0.369748, -0.461994, 0.806132, -0.624821, 0.61337, 0.530325, 0.585263, -0.428503, -0.6979, 0.710857, 0.0872865, 0.780608, 965.647, 1228.15, 767.292, 373.725
104, 607, 0, 0, 367, 0, -0.88024, 0.2594, -0.397352, 0.32423, -0.340041, 0.239249, 0.909468, -0.578056, 0.330983, 0.935666, -0.12239, 0.936848, 965.646, 1228.15, 767.292, 373.725
171, 439, 0, 0, 616, 0, -0.327236, -0.466333, 0.821858, -0.641322, 0.622357, 0.548099, 0.558801, -0.417123, -0.711047, 0.694349, 0.110868, 0.75805, 965.646, 1228.15, 767.292, 373.725
173, 437, 0, 0, 503, 135, -0.262058, -0.471331, 0.842124, -0.676934, 0.619135, 0.587254, 0.521349, -0.38988, -0.740269, 0.658012, 0.137922, 0.719997, 965.647, 1228.15, 767.292, 373.725
174, 436, 0, 0, 334, 203, -0.2263, -0.469184, 0.853613, -0.700305, 0.623818, 0.603238, 0.496946, -0.379317, -0.748091, 0.644958, 0.156172, 0.700072, 965.648, 1228.15, 767.291, 373.725
172, 438, 0, 0, 634, 11, -0.289262, -0.469535, 0.834185, -0.659278, 0.622731, 0.569531, 0.536508, -0.404029, -0.727003, 0.674664, 0.12765, 0.73809, 965.648, 1228.15, 767.291, 373.725
176, 428, 0, 0, 306, 58, -0.155725, -0.493931, 0.855443, -0.667524, 0.616789, 0.627817, 0.474781, -0.36065, -0.771571, 0.601563, 0.206884, 0.676671, 965.647, 1228.15, 767.291, 373.725
177, 426, 0, 0, 337, 20, -0.103823, -0.49156, 0.864632, -0.655131, 0.617919, 0.64932, 0.443349, -0.338251, -0.779356, 0.580303, 0.23633, 0.660599, 965.646, 1228.15, 767.29, 373.725
178, 425, 0, 0, 485, 11, -0.0351871, -0.492011, 0.869878, -0.655538, 0.616485, 0.674391, 0.406379, -0.327104, -0.78658, 0.550566, 0.279587, 0.632944, 965.646, 1228.15, 767.29, 373.725
179, 423, 0, 0, 589, 12, 0.0481389, -0.487092, 0.872023, -0.652678, 0.602849, 0.710263, 0.363457, -0.312775, -0.796402, 0.508201, 0.327834, 0.610056, 965.647, 1228.15, 767.289, 373.724
164, 451, 0, 0, 402, 0, -0.622122, -0.416451, 0.662973, -0.481474, 0.498147, 0.442723, 0.745551, -0.495473, -0.603999, 0.794081, -0.0679736, 0.885285, 965.647, 1228.15, 767.29, 373.725
182, 404, 0, 0, 459, 55, 0.0327207, -0.535037, 0.844195, -0.555091, 0.586601, 0.694148, 0.417203, -0.262968, -0.809215, 0.481554, 0.336566, 0.634281, 965.646, 1228.15, 767.289, 373.724
180, 419, 0, 0, 622, 11, 0.0345497, -0.49435, 0.868576, -0.574862, 0.609622, 0.699106, 0.373647, -0.284916, -0.791939, 0.516594, 0.325521, 0.62438, 965.646, 1228.15, 767.29, 373.724
183, 400, 0, 0, 525, 31, 0.0613412, -0.528028, 0.847009, -0.638485, 0.594969, 0.700705, 0.393733, -0.300248, -0.801405, 0.479792, 0.357142, 0.587806, 965.646, 1228.15, 767.29, 373.724
184, 394, 0, 0, 483, 47, 0.103791, -0.518934, 0.84849, -0.657114, 0.623335, 0.69871, 0.35108, -0.304071, -0.775036, 0.492454, 0.39599, 0.551744, 965.646, 1228.15, 767.29, 373.724
185, 392, 0, 0, 537, 43, 0.138906, -0.516302, 0.845067, -0.648077, 0.62417, 0.70815, 0.330054, -0.2739, -0.768841, 0.481619, 0.420626, 0.51199, 965.646, 1228.15, 767.29, 373.725
186, 390, 0, 0, 470, 26, 0.153003, -0.511437, 0.84559, -0.647162, 0.633433, 0.707527, 0.313318, -0.255439, -0.75852, 0.487686, 0.432214, 0.482795, 965.646, 1228.15, 767.29, 373.725
187, 386, 0, 0, 430, 30, 0.116216, -0.51545, 0.849003, -0.640317, 0.636815, 0.694646, 0.334565, -0.272925, -0.762208, 0.501776, 0.408975, 0.501365, 965.645, 1228.15, 767.29, 373.724
188, 384, 0, 0, 466, 26, 0.0846382, -0.515711, 0.852572, -0.647998, 0.630447, 0.690312, 0.354974, -0.297775, -0.771604, 0.507457, 0.383555, 0.54002, 965.645, 1228.15, 767.29, 373.724
189, 382, 0, 0, 489, 17, 0.0602021, -0.510167, 0.857966, -0.658565, 0.616589, 0.694942, 0.369964, -0.320866, -0.78498, 0.506739, 0.356401, 0.574018, 965.643, 1228.15, 767.289, 373.723
190, 377, 0, 0, 495, 38, 0.0539379, -0.500015, 0.864336, -0.666928, 0.608892, 0.702516, 0.368405, -0.340168, -0.791417, 0.506416, 0.342347, 0.599902, 965.643, 1228.15, 767.289, 373.723
192, 371, 0, 0, 462, 62, 0.0402419, -0.504734, 0.862337, -0.65372, 0.620881, 0.688825, 0.374202, -0.384359, -0.782871, 0.52035, 0.341099, 0.658768, 965.643, 1228.15, 767.288, 373.723
193, 367, 0, 0, 445, 74, 0.0186996, -0.498677, 0.866586, -0.647833, 0.609783, 0.692566, 0.385379, -0.373493, -0.792348, 0.521223, 0.317036, 0.635914, 965.644, 1228.15, 767.289, 373.724
191, 374, 0, 0, 561, 12, 0.0354945, -0.500086, 0.865248, -0.654871, 0.619388, 0.690463, 0.373657, -0.364068, -0.784283, 0.522661, 0.334254, 0.628082, 965.645, 1228.15, 767.289, 373.724
194, 364, 0, 0, 469, 17, 0.0132952, -0.498211, 0.866954, -0.64228, 0.608519, 0.692019, 0.38835, -0.350673, -0.793428, 0.522394, 0.312371, 0.604053, 965.646, 1228.15, 767.29, 373.724
195, 361, 0, 0, 385, 11, 0.0215559, -0.501281, 0.865016, -0.637121, 0.599731, 0.698742, 0.389979, -0.332222, -0.799912, 0.51037, 0.315695, 0.577747, 965.646, 1228.15, 767.289, 373.724
196, 357, 0, 0, 376, 9, 0.0461933, -0.513647, 0.856757, -0.629821, 0.615625, 0.690077, 0.380525, -0.313586, -0.786684, 0.509863, 0.348091, 0.551883, 965.646, 1228.15, 767.289, 373.724
197, 355, 0, 0, 538, 2, 0.122697, -0.512915, 0.849625, -0.619788, 0.614373, 0.71159, 0.34086, -0.284128, -0.779417, 0.480164, 0.402431, 0.515558, 965.645, 1228.15, 767.289, 373.724
198, 349, 0, 0, 491, 0, 0.195289, -0.519059, 0.83213, -0.594806, 0.578256, 0.746237, 0.329773, -0.258948, -0.792138, 0.416783, 0.445881, 0.504001, 965.645, 1228.15, 767.289, 373.724
199, 348, 0, 0, 406, 1, 0.225689, -0.515896, 0.826387, -0.588375, 0.573893, 0.755866, 0.315139, -0.244342, -0.787217, 0.403134, 0.46666, 0.483698, 965.645, 1228.15, 767.289, 373.724
200, 346, 0, 0, 474, 0, 0.281502, -0.508279, 0.813885, -0.58217, 0.568743, 0.771521, 0.285109, -0.221985, -0.772844, 0.382632, 0.506265, 0.451823, 965.645, 1228.15, 767.289, 373.724
201, 344, 0, 0, 458, 0, 0.346972, -0.495569, 0.796255, -0.573258, 0.546295, 0.796895, 0.257916, -0.205994, -0.762347, 0.3455, 0.547227, 0.426856, 965.645, 1228.15, 767.289, 373.724
202, 342, 0, 0, 472, 0, 0.405084, -0.483846, 0.775758, -0.562184, 0.522638, 0.818736, 0.237742, -0.194717, -0.750171, 0.309135, 0.584533, 0.411938, 965.646, 1228.15, 767.289, 373.724
203, 340, 0, 0, 397, 0, 0.459108, -0.470072, 0.753825, -0.542763, 0.500674, 0.837855, 0.217543, -0.176349, -0.733857, 0.277545, 0.620019, 0.390834, 965.646, 1228.15, 767.289, 373.724
169, 441, 0, 0, 496, 0, -0.412354, -0.454591, 0.789501, -0.607887, 0.597667, 0.519066, 0.611035, -0.446549, -0.687574, 0.723821, 0.0576549, 0.800023, 965.646, 1228.15, 767.289, 373.724
205, 337, 0, 0, 426, 0, 0.520512, -0.433299, 0.735744, -0.524804, 0.45419, 0.87016, 0.191137, -0.147423, -0.723034, 0.234678, 0.649729, 0.336443, 965.646, 1228.15, 767.288, 373.724
206, 332, 0, 0, 499, 0, 0.574991, -0.435534, 0.692601, -0.510886, 0.445461, 0.876712, 0.181492, -0.150279, -0.686258, 0.20417, 0.698115, 0.32697, 965.646, 1228.15, 767.288, 373.724
207, 330, 0, 0, 473, 0, 0.618238, -0.418513, 0.665304, -0.49177, 0.426051, 0.889749, 0.16379, -0.137468, -0.660502, 0.182193, 0.728384, 0.299494, 965.646, 1228.15, 767.288, 373.724
208, 328, 0, 0, 422, 0, 0.664992, -0.398909, 0.631393, -0.467344, 0.405128, 0.902888, 0.143751, -0.121553, -0.627421, 0.160201, 0.762022, 0.271535, 965.646, 1228.15, 767.288, 373.724
209, 327, 0, 0, 491, 0, 0.703438, -0.379938, 0.600685, -0.45082, 0.385081, 0.914074, 0.127206, -0.111129, -0.597401, 0.141831, 0.789301, 0.257357, 965.646, 1228.15, 767.288, 373.724
210, 326, 0, 0, 524, 0, 0.739507, -0.357378, 0.570447, -0.435002, 0.361773, 0.925645, 0.110916, -0.101949, -0.56767, 0.12435, 0.81381, 0.245567, 965.645, 1228.15, 767.288, 373.724
211, 325, 0, 0, 490, 0, 0.775803, -0.328135, 0.53894, -0.417438, 0.331454, 0.938734, 0.094423, -0.0937374, -0.536905, 0.10538, 0.837035, 0.235895, 965.645, 1228.15, 767.288, 373.724
212, 323, 0, 0, 406, 0, 0.80354, -0.304747, 0.511325, -0.390578, 0.29799, 0.949561, 0.0976471, -0.0841922, -0.515292, 0.0739064, 0.853822, 0.226172, 965.645, 1228.15, 767.288, 373.724
213, 320, 0, 0, 451, 0, 0.775564, -0.340148, 0.531789, -0.374384, 0.323537, 0.937541, 0.12783, -0.0996832, -0.542055, 0.0729134, 0.837174, 0.23885, 965.646, 1228.15, 767.288, 373.724
214, 315, 0, 0, 535, 0, 0.798007, -0.329843, 0.504369, -0.333278, 0.311942, 0.942159, 0.122594, -0.0982171, -0.515633, 0.0595031, 0.854741, 0.238626, 965.646, 1228.15, 767.288, 373.724
215, 314, 0, 0, 490, 0, 0.824331, -0.306812, 0.475757, -0.304917, 0.285335, 0.951022, 0.118914, -0.095649, -0.48894, 0.0377257, 0.871501, 0.229076, 965.646, 1228.15, 767.288, 373.724
216, 312, 0, 0, 450, 0, 0.851347, -0.28154, 0.442655, -0.283457, 0.259046, 0.959354, 0.111957, -0.0888781, -0.456184, 0.019354, 0.889675, 0.215457, 965.645, 1228.15, 767.288, 373.724
217, 310, 0, 0, 423, 0, 0.881856, -0.252966, 0.397916, -0.254084, 0.231036, 0.967474, 0.103031, -0.0801109, -0.411037, 0.00107458, 0.911618, 0.193711, 965.645, 1228.15, 767.288, 373.724
218, 308, 0, 0, 457, 0, 0.91494, -0.216369, 0.340689, -0.224557, 0.196346, 0.976148, 0.0926453, -0.0800904, -0.352608, -0.017872, 0.9356, 0.183376, 965.645, 1228.15, 767.288, 373.724
219, 307, 0, 0, 466, 0, 0.924797, -0.205473, 0.320206, -0.202854, 0.184732, 0.978263, 0.0942122, -0.0811667, -0.332604, -0.0279748, 0.942652, 0.179164, 965.645, 1228.15, 767.289, 373.724
220, 305, 0, 0, 463, 0, 0.936605, -0.190148, 0.294304, -0.171732, 0.164971, 0.980326, 0.108372, -0.0701022, -0.30912, -0.0529502, 0.949548, 0.166808, 965.645, 1228.15, 767.289, 373.724
222, 300, 0, 0, 620, 0, 0.921255, -0.221283, 0.31988, -0.165638, 0.182061, 0.972069, 0.148109, -0.0974808, -0.34372, -0.0782087, 0.93581, 0.216279, 965.646, 1228.15, 767.288, 373.724
221, 303, 0, 0, 481, 0, 0.924654, -0.207309, 0.319435, -0.159336, 0.178067, 0.976854, 0.118522, -0.0857995, -0.336612, -0.0527109, 0.940167, 0.186548, 965.645, 1228.15, 767.288, 373.724
